1:ItNr	2:Metric	3:StepSize	4:||Gradient||	Time[ms]
0	-1.223845	627.201626	0.012621	378.2
1	-1.165469	623.504937	0.018835	4.3
2	-1.506956	619.865785	0.015624	3.8
3	-0.000000	616.282728	0.000000	3.9
4	-1.265156	612.754375	0.015833	4.8
5	-1.374487	609.279381	0.013508	4.8
6	-1.275948	605.856447	0.011482	4.0
7	-0.349582	602.484317	0.007079	4.3
8	-1.299254	599.161779	0.012065	5.1
9	-0.000000	595.887656	0.000000	3.7
10	-1.323831	592.660813	0.009349	4.0
11	-0.442186	589.480151	0.007043	4.7
12	-1.458948	586.344606	0.009681	4.3
13	-1.305490	583.253145	0.011644	3.8
14	-1.279343	580.204771	0.012871	3.7
15	-0.916844	577.198517	0.014531	5.1
16	-1.009790	574.233444	0.016073	4.2
17	-1.634648	571.308645	0.008475	3.7
18	-1.077528	568.423237	0.007760	4.6
19	-0.138154	565.576365	0.003224	5.2
20	-1.405590	562.767201	0.010649	4.1
21	-0.613646	559.994938	0.023455	3.9
22	-0.868867	557.258797	0.010691	6.3
23	-0.984546	554.558018	0.011175	4.0
24	-1.183922	551.891865	0.011024	3.8
25	-1.327945	549.259621	0.022124	4.1
26	-1.226774	546.660592	0.014920	4.7
27	-1.616886	544.094102	0.008145	4.2
28	-0.000000	541.559494	0.000000	3.8
29	-0.000000	539.056129	0.000000	4.2
30	-1.189367	536.583387	0.013882	4.9
31	-1.252799	534.140663	0.017161	3.8
32	-1.135224	531.727370	0.022273	3.9
33	-1.148231	529.342935	0.009241	4.2
34	-1.267791	526.986802	0.003842	5.3
35	-1.343097	524.658430	0.010253	3.6
36	-0.113752	522.357290	0.006049	4.0
37	-1.361024	520.082868	0.026217	4.5
38	-1.039367	517.834665	0.012568	4.8
39	-0.004380	515.612193	0.000617	3.7
40	-1.087193	513.414976	0.020712	4.2
41	-1.260302	511.242551	0.026436	4.7
42	-1.043026	509.094468	0.008551	5.1
43	-1.591891	506.970285	0.018519	4.1
44	-0.737932	504.869574	0.008281	3.9
45	-1.381782	502.791916	0.007754	4.3
46	-1.402638	500.736903	0.009612	4.3
47	-0.018486	498.704137	0.002150	3.9
48	-0.000000	496.693228	0.000000	3.7
49	-0.727665	494.703798	0.005805	4.4
50	-1.328449	492.735476	0.006947	4.4
51	-0.000000	490.787900	0.000000	4.3
52	-1.082128	488.860718	0.008632	4.2
53	-0.736900	486.953585	0.009754	4.2
54	-1.128146	485.066164	0.009440	4.4
55	-1.559256	483.198126	0.011069	3.8
56	-1.254009	481.349149	0.009750	4.1
57	-0.272425	479.518920	0.005639	4.8
58	-1.317385	477.707132	0.027096	4.3
59	-1.296130	475.913485	0.007172	4.3
60	-0.000000	474.137684	0.000000	5.4
61	-0.804683	472.379445	0.007426	5.7
62	-1.252964	470.638485	0.003671	5.4
63	-0.981040	468.914531	0.012315	9.3
64	-1.292454	467.207315	0.012671	4.2
65	-0.238730	465.516573	0.002933	4.5
66	-1.688220	463.842050	0.010765	7.9
67	-1.438648	462.183494	0.015421	4.2
68	-1.243631	460.540658	0.007997	4.4
69	-1.284760	458.913303	0.012164	5.0
70	-1.310013	457.301192	0.006826	4.2
71	-1.441734	455.704096	0.009706	4.2
72	-1.209400	454.121787	0.012656	6.0
73	-1.083235	452.554045	0.010251	4.7
74	-0.000083	451.000653	0.000018	4.0
75	-1.045341	449.461399	0.007880	4.3
76	-1.359766	447.936075	0.025618	5.5
77	-1.201327	446.424477	0.006385	4.1
78	-0.020630	444.926406	0.000874	4.3
79	-0.920622	443.441666	0.007331	5.8
80	-0.067894	441.970065	0.002414	5.0
81	-0.000000	440.511415	0.000000	3.7
82	-1.391046	439.065533	0.019295	3.8
83	-0.867722	437.632238	0.011191	5.0
84	-0.893774	436.211351	0.005459	3.9
85	-0.666981	434.802701	0.006392	3.8
86	-0.288486	433.406117	0.009305	3.8
87	-0.007098	432.021430	0.000964	4.8
88	-1.461506	430.648479	0.010335	4.0
89	-0.000000	429.287101	0.000000	3.8
90	-0.802572	427.937140	0.007166	3.5
91	-0.000567	426.598440	0.000115	5.2
92	-1.289075	425.270849	0.009439	3.7
93	-1.665631	423.954220	0.014840	3.8
94	-1.180245	422.648404	0.016587	3.6
95	-1.355434	421.353259	0.012567	5.0
96	-0.568123	420.068643	0.008253	4.5
97	-1.319754	418.794419	0.006019	3.9
98	-1.350800	417.530451	0.012644	3.8
99	-0.000000	416.276604	0.000000	4.6
100	-1.027738	415.032748	0.005612	4.1
101	-0.000512	413.798754	0.000095	4.0
102	-0.562765	412.574495	0.010989	4.2
103	-1.550302	411.359849	0.019547	4.4
104	-1.399776	410.154691	0.009652	4.2
105	-1.051933	408.958904	0.026787	3.8
106	-0.776389	407.772368	0.007099	4.2
107	-0.839812	406.594968	0.006685	4.8
108	-0.907183	405.426590	0.013916	4.4
109	-1.201374	404.267122	0.007987	3.8
110	-0.620436	403.116456	0.012250	4.2
111	-0.000053	401.974481	0.000012	4.6
112	-1.228212	400.841093	0.007307	3.6
113	-1.221304	399.716187	0.008807	3.7
114	-1.342747	398.599660	0.016676	4.2
115	-0.695053	397.491411	0.009162	5.2
116	-0.000000	396.391342	0.000000	3.4
117	-1.202684	395.299353	0.025566	3.8
118	-0.192208	394.215350	0.007972	4.6
119	-0.000000	393.139238	0.000000	4.9
120	-0.973257	392.070924	0.006166	3.8
121	-1.208832	391.010316	0.009685	3.7
122	-1.202267	389.957325	0.008398	4.9
123	-0.290060	388.911862	0.008810	4.3
124	-0.014704	387.873839	0.001760	3.8
125	-1.266795	386.843173	0.011777	3.7
126	-1.268429	385.819777	0.018740	5.8
127	-0.964249	384.803569	0.007928	3.9
128	-0.945305	383.794468	0.021121	4.0
129	-0.003631	382.792393	0.000613	3.8
130	-1.407243	381.797264	0.009489	4.6
131	-0.027387	380.809005	0.002485	3.8
132	-1.184574	379.827537	0.019773	3.9
133	-1.509946	378.852786	0.007441	3.8
134	-1.057660	377.884678	0.007067	4.8
135	-1.359534	376.923138	0.018613	3.9
136	-0.956931	375.968095	0.006027	4.0
137	-1.036987	375.019479	0.005537	3.7
138	-0.973986	374.077218	0.007221	4.7
139	-1.000910	373.141244	0.013057	3.8
140	-1.343616	372.211489	0.013735	3.7
141	-0.069794	371.287887	0.005752	3.9
142	-1.231533	370.370370	0.010683	4.6
143	-0.845574	369.458876	0.007155	3.8
144	-1.086881	368.553338	0.020549	3.8
145	-0.000017	367.653696	0.000004	3.8
146	-1.364768	366.759885	0.009390	4.7
147	-1.630711	365.871846	0.014679	4.1
148	-0.893560	364.989518	0.005287	3.8
149	-0.000014	364.112841	0.000003	4.0
150	-0.001420	363.241757	0.000230	5.2
151	-1.308786	362.376208	0.009432	3.9
152	-1.168876	361.516137	0.010574	3.8
153	-0.000000	360.661488	0.000000	3.7
154	-0.564171	359.812206	0.013701	5.1
155	-1.334288	358.968236	0.008714	3.8
156	-1.316877	358.129524	0.008359	3.8
157	-1.077043	357.296018	0.020249	3.8
158	-0.952902	356.467665	0.006271	4.8
159	-0.987449	355.644414	0.015823	3.9
160	-1.252164	354.826213	0.015454	3.6
161	-1.053163	354.013012	0.012870	3.7
162	-0.000000	353.204763	0.000000	4.6
163	-0.446568	352.401415	0.008533	4.2
164	-1.116243	351.602922	0.010399	3.8
165	-1.417923	350.809235	0.004090	3.7
166	-1.260248	350.020308	0.013418	4.3
167	-0.582970	349.236095	0.005266	4.1
168	-0.585420	348.456550	0.005752	4.2
169	-1.315226	347.681627	0.012059	3.9
170	-1.287428	346.911283	0.012197	4.2
171	-1.319144	346.145474	0.006374	4.4
172	-0.000000	345.384157	0.000000	3.7
173	-1.071217	344.627288	0.011661	3.9
174	-0.911500	343.874826	0.019977	4.2
175	-0.472982	343.126729	0.010026	4.3
176	-0.358945	342.382957	0.003229	3.7
177	-1.257083	341.643469	0.011101	3.5
178	-0.289131	340.908224	0.006034	4.3
179	-1.150876	340.177184	0.009376	4.3
180	-0.633641	339.450309	0.013302	3.8
181	-0.748424	338.727561	0.011222	3.7
182	-0.058588	338.008902	0.003866	4.2
183	-0.282462	337.294295	0.006378	4.6
184	-1.084454	336.583703	0.012341	3.7
185	-0.951881	335.877089	0.005543	3.8
186	-1.095376	335.174416	0.003955	5.0
187	-0.862821	334.475651	0.016492	4.4
188	-0.000147	333.780756	0.000033	3.8
189	-1.466063	333.089698	0.009573	3.6
190	-1.588498	332.402443	0.004594	5.3
191	-1.616607	331.718955	0.015778	4.0
192	-1.293978	331.039203	0.015414	3.9
193	-0.952214	330.363153	0.013907	3.9
194	-1.294574	329.690771	0.012737	4.7
195	-1.222296	329.022027	0.014089	4.1
196	-0.290336	328.356888	0.004820	3.8
197	-0.773704	327.695322	0.013587	4.0
198	-0.563887	327.037299	0.005698	4.4
199	-1.181469	326.382787	0.010018	4.5
200	-1.328685	325.731758	0.009769	3.7
201	-1.270257	325.084179	0.004730	3.8
202	-1.029550	324.440023	0.012462	4.6
203	-0.092346	323.799258	0.002335	4.0
204	-1.297910	323.161858	0.020821	3.7
205	-1.175418	322.527792	0.010878	3.7
206	-0.000000	321.897034	0.000000	4.5
207	-0.141186	321.269554	0.002883	4.2
208	-0.380291	320.645325	0.003158	3.8
209	-0.000000	320.024320	0.000000	3.8
210	-0.361625	319.406512	0.004071	4.6
211	-0.985130	318.791875	0.008967	3.9
212	-1.471703	318.180381	0.010319	4.6
213	-1.633504	317.572005	0.015147	3.8
214	-1.031053	316.966721	0.002979	4.8
215	-1.157501	316.364504	0.010208	3.7
216	-1.413959	315.765329	0.016015	3.9
217	-1.056420	315.169170	0.009303	3.7
218	-0.553577	314.576003	0.004945	5.0
219	-0.819793	313.985804	0.009842	4.4
220	-1.299819	313.398548	0.004551	3.6
221	-1.343529	312.814213	0.013246	3.9
222	-1.087233	312.232773	0.016425	4.3
223	-1.504700	311.654207	0.014967	4.3
224	-0.783627	311.078491	0.011120	3.9
225	-0.000000	310.505602	0.000000	4.0
226	-0.329744	309.935518	0.007015	4.4
227	-0.475300	309.368217	0.017760	4.5
228	-0.750135	308.803676	0.009354	3.7
229	-0.991333	308.241874	0.006253	4.0
230	-1.194790	307.682789	0.014841	5.8
231	-1.317557	307.126400	0.009005	3.6
232	-1.353158	306.572687	0.013377	3.7
233	-1.252006	306.021627	0.014353	4.9
234	-1.160088	305.473201	0.014453	4.7
235	-1.537603	304.927388	0.009183	3.9
236	-1.280482	304.384168	0.007823	4.2
237	-0.889791	303.843521	0.007089	5.8
238	-1.085466	303.305427	0.006431	4.0
239	-0.758173	302.769867	0.012096	3.8
240	-1.506949	302.236821	0.015470	3.7
241	-1.235211	301.706270	0.003756	5.3
242	-1.358421	301.178196	0.007084	3.7
243	-1.215148	300.652580	0.009555	3.8
244	-0.971000	300.129402	0.007750	4.0
245	-1.334268	299.608645	0.003066	4.6
246	-0.030177	299.090291	0.002432	3.8
247	-1.406359	298.574321	0.015616	3.7
248	-0.826057	298.060718	0.009673	3.8
249	-0.878183	297.549465	0.013062	4.9
250	-1.193485	297.040543	0.016667	4.2
251	-1.396332	296.533936	0.013908	3.8
252	-0.836915	296.029626	0.006417	4.2
253	-0.746045	295.527597	0.011983	5.0
254	-0.000000	295.027832	0.000000	3.7
255	-1.257520	294.530315	0.006965	4.0
256	-1.548683	294.035028	0.008409	4.1
257	-1.267182	293.541956	0.002555	4.7
258	-1.592380	293.051083	0.013886	3.8
259	-1.174520	292.562393	0.005659	4.1
260	-0.300180	292.075870	0.002931	4.1
261	-1.394924	291.591498	0.006750	4.5
262	-1.041271	291.109263	0.016876	3.7
263	-1.206468	290.629149	0.011843	3.6
264	-0.934360	290.151140	0.008784	4.2
265	-1.231130	289.675222	0.017521	4.6
266	-1.080694	289.201380	0.010856	3.7
267	-1.343822	288.729600	0.020463	3.7
268	-0.000000	288.259866	0.000000	4.0
269	-1.198217	287.792165	0.009734	4.8
270	-1.176441	287.326481	0.013165	3.6
271	-0.643964	286.862802	0.006581	3.6
272	-0.015388	286.401113	0.002143	3.7
273	-0.842454	285.941400	0.007725	4.9
274	-1.548556	285.483649	0.004673	4.0
275	-0.000000	285.027847	0.000000	3.8
276	-0.650369	284.573981	0.006091	4.5
277	-1.312905	284.122037	0.009853	4.4
278	-1.245132	283.672002	0.012475	5.1
279	-1.118700	283.223863	0.008901	4.1
280	-1.130927	282.777607	0.012116	4.3
281	-1.049975	282.333221	0.005124	4.8
282	-0.000000	281.890692	0.000000	4.1
283	-0.946617	281.450008	0.011357	3.8
284	-1.116945	281.011157	0.007543	4.2
285	-1.642807	280.574125	0.011677	4.4
286	-0.804606	280.138901	0.009232	3.7
287	-0.453951	279.705473	0.003339	3.8
288	-1.137202	279.273829	0.014619	4.4
289	-1.037879	278.843956	0.015049	4.7
290	-0.899566	278.415844	0.010861	3.7
291	-1.245827	277.989479	0.013431	3.7
292	-1.236084	277.564851	0.006522	4.7
293	-1.199908	277.141949	0.009723	4.4
294	-1.375694	276.720761	0.009293	3.7
295	-1.458567	276.301275	0.036837	3.7
296	-1.186606	275.883480	0.019312	5.4
297	-1.442851	275.467366	0.004177	4.1
298	-1.198193	275.052922	0.007438	3.9
299	-1.540229	274.640136	0.007871	3.7
300	-0.890480	274.228998	0.006268	4.8
301	-1.232797	273.819497	0.016679	4.0
302	-1.388621	273.411623	0.007656	3.8
303	-1.004860	273.005365	0.011378	4.2
304	-0.841345	272.600712	0.005062	5.1
305	-1.311844	272.197655	0.013522	3.9
306	-1.232983	271.796184	0.005624	3.9
307	-1.010048	271.396287	0.017640	4.6
308	-1.088919	270.997956	0.013168	4.4
309	-1.647308	270.601180	0.018872	3.8
310	-0.198080	270.205949	0.005392	3.9
311	-1.503741	269.812254	0.011929	4.4
312	-1.363935	269.420085	0.009012	4.7
313	-0.953370	269.029432	0.005767	3.8
314	-1.403594	268.640287	0.004698	4.3
315	-1.384835	268.252638	0.025151	4.7
316	-0.942665	267.866478	0.013923	4.7
317	-1.289746	267.481796	0.005008	4.0
318	-1.178943	267.098584	0.013448	3.9
319	-1.244061	266.716833	0.005518	4.8
320	-1.220976	266.336533	0.012771	4.4
321	-1.620102	265.957676	0.010613	3.9
322	-0.765563	265.580253	0.005953	3.9
323	-0.422264	265.204254	0.006562	4.8
324	-0.860137	264.829672	0.003162	4.1
325	-0.535994	264.456497	0.009817	3.7
326	-1.519642	264.084721	0.004624	3.8
327	-1.187307	263.714335	0.008376	4.2
328	-1.195227	263.345332	0.004898	4.0
329	-1.325428	262.977702	0.008733	4.4
330	-1.448180	262.611438	0.006287	3.9
331	-0.446565	262.246531	0.008571	4.2
332	-1.125714	261.882973	0.014974	4.6
333	-0.117216	261.520756	0.004644	3.7
334	-0.161595	261.159871	0.002715	3.6
335	-1.127680	260.800312	0.004162	4.2
336	-0.855051	260.442070	0.012306	4.5
337	-1.265165	260.085137	0.009906	3.8
338	-0.945574	259.729505	0.020094	4.0
339	-1.168602	259.375167	0.006144	4.4
340	-0.000000	259.022116	0.000000	4.5
341	-1.256156	258.670343	0.006327	3.8
342	-0.001043	258.319841	0.000195	3.7
343	-1.206127	257.970602	0.007735	4.7
344	-0.061767	257.622620	0.003412	4.3
345	-1.192972	257.275887	0.018143	3.8
346	-1.471529	256.930396	0.013713	3.8
347	-0.950402	256.586139	0.010550	5.6
348	-1.085397	256.243109	0.005395	3.8
349	-1.232098	255.901300	0.009836	4.0
350	-1.218932	255.560703	0.012437	4.1
351	-0.871160	255.221313	0.011284	4.6
352	-1.426535	254.883122	0.012664	4.0
353	-0.000796	254.546124	0.000142	3.9
354	-1.117893	254.210311	0.006762	4.6
355	-0.378083	253.875677	0.003980	4.6
356	-1.351572	253.542215	0.010701	3.8
357	-1.216830	253.209918	0.007676	3.9
358	-0.677149	252.878781	0.012398	4.7
359	-0.463038	252.548795	0.004678	4.4
360	-0.934760	252.219956	0.017264	3.8
361	-1.125182	251.892255	0.016915	3.8
362	-0.000000	251.565688	0.000000	4.4
363	-1.415923	251.240247	0.024532	4.7
364	-0.002431	250.915926	0.000399	3.8
365	-0.001907	250.592720	0.000299	4.0
366	-0.000000	250.270621	0.000000	4.8
367	-1.074151	249.949624	0.008267	4.5
368	-0.000000	249.629723	0.000000	4.0
369	-1.195321	249.310911	0.009338	3.9
370	-0.889148	248.993182	0.005434	4.4
371	-0.812587	248.676531	0.006980	4.5
372	-1.464864	248.360952	0.010634	3.9
373	-0.184096	248.046438	0.005354	3.8
374	-1.319745	247.732984	0.009820	4.6
375	-0.915345	247.420584	0.006982	4.1
376	-1.429505	247.109233	0.006187	3.8
377	-0.794207	246.798924	0.004512	3.7
378	-1.277445	246.489652	0.006706	4.6
379	-0.563739	246.181412	0.008694	4.4
380	-0.860398	245.874197	0.011399	3.9
381	-1.384586	245.568002	0.006652	4.0
382	-1.496819	245.262822	0.015894	4.6
383	-1.691257	244.958652	0.014713	6.2
384	-0.924454	244.655485	0.009305	4.9
385	-1.134800	244.353317	0.003877	4.3
386	-0.647869	244.052142	0.008018	5.2
387	-0.014546	243.751955	0.001285	4.1
388	-1.509624	243.452750	0.007758	4.2
389	-0.931628	243.154523	0.006561	4.7
390	-1.337242	242.857268	0.008960	3.9
391	-1.373598	242.560980	0.010345	3.8
392	-1.095369	242.265654	0.012137	4.1
393	-0.000000	241.971285	0.000000	4.6
394	-1.260561	241.677868	0.004982	3.7
395	-1.601849	241.385397	0.009420	3.8
396	-1.486877	241.093869	0.008427	4.6
397	-1.324827	240.803278	0.009052	5.0
398	-1.277855	240.513619	0.007722	3.8
399	-0.128532	240.224887	0.005408	3.8
400	-1.247606	239.937077	0.018405	4.4
401	-1.488732	239.650186	0.009139	4.6
402	-0.169720	239.364207	0.005003	3.8
403	-0.201551	239.079136	0.006550	3.6
404	-1.715885	238.794969	0.004403	4.8
405	-0.843344	238.511701	0.012101	4.8
406	-0.829663	238.229327	0.012046	3.6
407	-0.000000	237.947843	0.000000	3.6
408	-0.074479	237.667244	0.001458	4.0
409	-1.252304	237.387526	0.012465	4.8
410	-1.279478	237.108684	0.005771	3.5
411	-0.221100	236.830714	0.001953	3.4
412	-1.496907	236.553610	0.009036	4.2
413	-1.260884	236.277370	0.009413	4.4
414	-1.263712	236.001989	0.010155	3.6
415	-1.448474	235.727461	0.012198	3.7
416	-1.448602	235.453784	0.017459	4.3
417	-0.596321	235.180952	0.007187	4.3
418	-0.901175	234.908962	0.004400	3.6
419	-1.135885	234.637809	0.017349	3.8
420	-1.024126	234.367488	0.020962	3.8
421	-0.815422	234.097997	0.011688	5.0
422	-1.622701	233.829331	0.004815	3.7
423	-1.578543	233.561485	0.007321	3.7
424	-0.000000	233.294456	0.000000	3.8
425	-1.135479	233.028239	0.008601	4.4
426	-0.617737	232.762831	0.017902	4.0
427	-0.910619	232.498228	0.007290	3.8
428	-0.938233	232.234425	0.013761	3.9
429	-1.134890	231.971419	0.013233	4.3
430	-1.478614	231.709205	0.004034	4.4
431	-1.436658	231.447781	0.013198	3.6
432	-1.093775	231.187141	0.008881	3.8
433	-1.610282	230.927283	0.012120	4.0
434	-1.508506	230.668202	0.006101	4.4
435	-0.000000	230.409895	0.000000	3.8
436	-1.682735	230.152358	0.008417	3.6
437	-1.285604	229.895587	0.004811	4.1
438	-1.004366	229.639578	0.008586	4.3
439	-0.000427	229.384329	0.000078	3.6
440	-1.217336	229.129834	0.010220	3.6
441	-0.655136	228.876091	0.012903	4.0
442	-1.052586	228.623096	0.007278	4.1
443	-1.165957	228.370846	0.009084	3.7
444	-1.535803	228.119336	0.012604	3.7
445	-0.000000	227.868563	0.000000	4.2
446	-1.603601	227.618525	0.011443	4.6
447	-0.499832	227.369216	0.006415	3.7
448	-1.591908	227.120635	0.005798	3.8
449	-1.515922	226.872777	0.013433	5.3
450	-0.487831	226.625638	0.005017	5.4
451	-1.437779	226.379217	0.010738	3.9
452	-1.633643	226.133509	0.007480	3.9
453	-0.000000	225.888510	0.000000	4.6
454	-1.746670	225.644218	0.010861	4.1
455	-0.728160	225.400630	0.005932	3.8
456	-1.426976	225.157741	0.007908	4.0
457	-1.452702	224.915549	0.005821	5.9
458	-0.810648	224.674051	0.005409	4.1
459	-1.272683	224.433242	0.006279	4.0
460	-1.201271	224.193121	0.007388	4.3
461	-0.223846	223.953684	0.002628	4.7
462	-1.350772	223.714927	0.027576	3.9
463	-0.903919	223.476848	0.009274	3.8
464	-1.163264	223.239444	0.005927	4.4
465	-0.774898	223.002710	0.010050	4.7
466	-1.365476	222.766645	0.009045	3.8
467	-1.117611	222.531245	0.022060	4.5
468	-1.101749	222.296508	0.007540	4.9
469	-1.521747	222.062429	0.015098	4.4
470	-1.483134	221.829007	0.010117	3.9
471	-1.159673	221.596238	0.007796	3.9
472	-1.274746	221.364119	0.003306	4.7
473	-1.602006	221.132647	0.004466	4.4
474	-1.153150	220.901820	0.018727	3.8
475	-0.000519	220.671634	0.000095	3.8
476	-1.291733	220.442086	0.007475	4.9
477	-1.137228	220.213174	0.012708	4.0
478	-1.178742	219.984895	0.014356	4.1
479	-1.468043	219.757246	0.008189	4.7
480	-0.886576	219.530224	0.012504	4.8
481	-0.948627	219.303826	0.006073	3.8
482	-1.516739	219.078050	0.011172	3.7
483	-1.476495	218.852893	0.013733	4.3
484	-1.319432	218.628352	0.013492	4.6
485	-1.397122	218.404424	0.010075	3.8
486	-1.435681	218.181106	0.011326	3.8
487	-1.507641	217.958397	0.008310	4.2
488	-1.140781	217.736292	0.006073	4.8
489	-0.964295	217.514790	0.015854	4.3
490	-1.223990	217.293888	0.004945	3.7
491	-1.185322	217.073584	0.005905	4.5
492	-1.506966	216.853873	0.007462	5.2
493	-1.575176	216.634755	0.003828	3.8
494	-1.084829	216.416227	0.014869	3.8
495	-1.342634	216.198285	0.010550	4.4
496	-0.508006	215.980927	0.005669	4.7
497	-1.258517	215.764151	0.006020	3.7
498	-0.748173	215.547955	0.004280	3.7
499	-1.274894	215.332335	0.040508	4.3
500	-1.327008	215.117289	0.012783	4.7
501	-0.375679	214.902815	0.009458	3.6
502	-0.349586	214.688911	0.005882	3.8
503	-0.506813	214.475573	0.007056	5.5
504	-1.461682	214.262800	0.009818	4.3
505	-1.088730	214.050588	0.007811	3.8
506	-0.885763	213.838936	0.013057	3.8
507	-0.986288	213.627842	0.009417	4.8
508	-0.000001	213.417302	0.000000	3.8
509	-1.391049	213.207314	0.005063	3.8
510	-1.088508	212.997877	0.009067	4.1
511	-0.966608	212.788987	0.015504	5.0
512	-0.000000	212.580642	0.000000	3.9
513	-1.260070	212.372841	0.015671	3.8
514	-1.404007	212.165581	0.011314	5.0
515	-1.342430	211.958859	0.013271	4.7
516	-1.056476	211.752673	0.006925	3.8
517	-1.284496	211.547021	0.009548	4.0
518	-1.397144	211.341902	0.006794	4.8
519	-1.295267	211.137311	0.003447	4.9
520	-0.730483	210.933248	0.010069	3.8
521	-1.661667	210.729710	0.008630	3.7
522	-0.000000	210.526695	0.000000	4.1
523	-0.985235	210.324200	0.006467	4.5
524	-0.611512	210.122224	0.013156	3.8
525	-1.178524	209.920765	0.007402	4.1
526	-1.503799	209.719820	0.015243	6.9
527	-1.540512	209.519387	0.013255	4.6
528	-0.330524	209.319463	0.003623	4.0
529	-1.020935	209.120048	0.020389	5.4
530	-1.274372	208.921139	0.014511	5.2
531	-1.306211	208.722733	0.007141	3.7
532	-1.613905	208.524829	0.017907	3.8
533	-1.436085	208.327425	0.011154	4.3
534	-1.158090	208.130518	0.013904	4.0
535	-1.137280	207.934107	0.005078	4.5
536	-0.883536	207.738189	0.006040	3.9
537	-0.000000	207.542762	0.000000	4.6
538	-1.310768	207.347825	0.009158	4.6
539	-0.001448	207.153376	0.000256	3.8
540	-1.314544	206.959412	0.005759	4.3
541	-1.298901	206.765932	0.009660	4.3
542	-1.477321	206.572933	0.012645	5.3
543	-1.305083	206.380414	0.006029	3.7
544	-0.421188	206.188373	0.003362	4.1
545	-1.383417	205.996807	0.008419	4.2
546	-1.630588	205.805716	0.005838	4.4
547	-1.094060	205.615096	0.004759	3.7
548	-1.004271	205.424946	0.011532	4.1
549	-0.867244	205.235265	0.006548	4.4
550	-1.253892	205.046050	0.011474	4.6
551	-1.234980	204.857299	0.009801	4.3
552	-0.753113	204.669011	0.010601	4.2
553	-1.421787	204.481184	0.017911	4.1
554	-1.025166	204.293816	0.002761	3.7
555	-1.290659	204.106905	0.009922	3.9
556	-0.822327	203.920449	0.006701	4.8
557	-0.914328	203.734447	0.010314	4.8
558	-0.000000	203.548896	0.000000	3.6
559	-0.786997	203.363795	0.003796	3.8
560	-0.554547	203.179143	0.008549	4.8
561	-1.645778	202.994937	0.008614	4.3
562	-0.831456	202.811176	0.014611	3.8
563	-1.196978	202.627857	0.021649	3.7
564	-1.050709	202.444980	0.010540	5.1
565	-1.336587	202.262543	0.009368	4.3
566	-0.000000	202.080543	0.000000	3.7
567	-0.963826	201.898979	0.013394	3.7
568	-1.380770	201.717849	0.007553	4.5
569	-0.946253	201.537153	0.009207	4.0
570	-1.062920	201.356887	0.019506	3.8
571	-0.000000	201.177050	0.000000	3.7
572	-1.310586	200.997642	0.012249	4.6
573	-1.476128	200.818659	0.011058	4.4
574	-0.000000	200.640100	0.000000	3.7
575	-0.545237	200.461965	0.004310	3.7
576	-1.301618	200.284250	0.017272	4.7
577	-0.985373	200.106955	0.006318	4.2
578	-1.425422	199.930078	0.006508	3.8
579	-0.723671	199.753617	0.006673	3.8
580	-1.418327	199.577571	0.009384	4.4
581	-0.000000	199.401938	0.000000	4.4
582	-1.612011	199.226717	0.010430	3.7
583	-1.332100	199.051905	0.011154	3.6
584	-1.215506	198.877502	0.003724	4.4
585	-0.890878	198.703506	0.004947	4.5
586	-1.461274	198.529916	0.006121	4.0
587	-1.183027	198.356729	0.012683	3.6
588	-0.844991	198.183944	0.004242	4.3
589	-1.510594	198.011560	0.009118	4.4
590	-1.140059	197.839576	0.015199	3.8
591	-1.137923	197.667989	0.005580	3.7
592	-1.589665	197.496798	0.008758	4.5
593	-1.381337	197.326002	0.009021	4.4
594	-1.624827	197.155600	0.025920	4.0
595	-1.333876	196.985589	0.005578	3.9
596	-0.322294	196.815969	0.003007	4.6
597	-1.457208	196.646738	0.008646	3.9
598	-0.814560	196.477894	0.008712	3.8
599	-1.198471	196.309436	0.012392	3.6
600	-1.588334	196.141363	0.026878	4.9
601	-1.443687	195.973673	0.006658	4.2
602	-0.094897	195.806365	0.005610	3.9
603	-1.142693	195.639437	0.013716	3.8
604	-1.227065	195.472888	0.005536	4.5
605	-1.199932	195.306717	0.026165	3.8
606	-0.855592	195.140922	0.012405	3.8
607	-0.000000	194.975501	0.000000	3.6
608	-1.286111	194.810454	0.007171	5.0
609	-1.473042	194.645779	0.003717	4.1
610	-0.055866	194.481475	0.004659	3.7
611	-1.569041	194.317540	0.005975	3.9
612	-0.000000	194.153973	0.000000	4.1
613	-1.425089	193.990773	0.011410	4.3
614	-0.371306	193.827938	0.010635	4.2
615	-1.177453	193.665467	0.010396	3.7
616	-1.230146	193.503358	0.006558	3.9
617	-0.826422	193.341611	0.009815	4.7
618	-1.439481	193.180224	0.014691	3.7
619	-1.274327	193.019196	0.004115	3.7
620	-0.000000	192.858525	0.000000	4.4
621	-0.976412	192.698210	0.008068	4.3
622	-1.161669	192.538251	0.013644	3.8
623	-1.289108	192.378644	0.010116	3.8
624	-0.676538	192.219391	0.003792	4.5
625	-0.976954	192.060488	0.009644	4.5
626	-1.537070	191.901935	0.010160	3.7
627	-1.329806	191.743730	0.008293	3.8
628	-1.192364	191.585873	0.016493	4.6
629	-0.877774	191.428362	0.007503	4.5
630	-1.591184	191.271196	0.006648	3.7
631	-1.100666	191.114374	0.012337	3.8
632	-1.115292	190.957893	0.014028	5.3
633	-1.453583	190.801755	0.012620	3.9
634	-1.112477	190.645956	0.006821	3.7
635	-0.614438	190.490495	0.007749	3.7
636	-1.270378	190.335373	0.009326	5.3
637	-0.550426	190.180587	0.019097	3.8
638	-0.000045	190.026136	0.000011	3.9
639	-1.552261	189.872019	0.004292	3.8
640	-1.665286	189.718235	0.013806	4.3
641	-0.813688	189.564782	0.004456	4.4
642	-0.651394	189.411661	0.006488	3.6
643	-1.208994	189.258868	0.017813	3.9
644	-0.088973	189.106404	0.003388	4.6
645	-1.634661	188.954267	0.008531	4.3
646	-0.923588	188.802456	0.006017	3.8
647	-0.382493	188.650969	0.010430	3.9
648	-1.478852	188.499807	0.008166	4.7
649	-0.205732	188.348967	0.004711	3.9
650	-0.805229	188.198448	0.012815	3.7
651	-0.944190	188.048250	0.023239	3.9
652	-1.337026	187.898371	0.010083	4.7
653	-0.805171	187.748810	0.013121	4.2
654	-1.177337	187.599566	0.007753	3.8
655	-1.158250	187.450638	0.004407	3.8
656	-0.568781	187.302025	0.006730	4.8
657	-1.127541	187.153725	0.019446	3.8
658	-1.536280	187.005739	0.004655	3.8
659	-0.580085	186.858064	0.008642	3.4
660	-1.184719	186.710699	0.015007	4.5
661	-0.000000	186.563645	0.000000	4.4
662	-0.000036	186.416898	0.000008	3.9
663	-1.062651	186.270459	0.004447	3.7
664	-1.318463	186.124326	0.011894	4.3
665	-1.175109	185.978499	0.010332	3.9
666	-0.857394	185.832976	0.008645	4.1
667	-1.431434	185.687756	0.009137	3.9
668	-1.316929	185.542838	0.018837	4.1
669	-1.641362	185.398222	0.012819	4.1
670	-1.617509	185.253906	0.006970	4.3
671	-0.000000	185.109889	0.000000	3.8
672	-0.740211	184.966170	0.007095	4.1
673	-1.147443	184.822748	0.004765	4.3
674	-0.684531	184.679623	0.008943	3.7
675	-0.389903	184.536792	0.005552	3.7
676	-0.000029	184.394256	0.000007	4.1
677	-1.102330	184.252013	0.008991	4.4
678	-0.230905	184.110062	0.005274	3.7
679	-1.404010	183.968403	0.009112	3.8
680	-0.000392	183.827034	0.000075	4.2
681	-1.591223	183.685954	0.008859	4.3
682	-1.519317	183.545163	0.007585	3.8
683	-1.381238	183.404658	0.013545	3.9
684	-0.952335	183.264441	0.010053	4.1
685	-1.288535	183.124509	0.008464	4.5
686	-1.505222	182.984861	0.008084	3.8
687	-0.407695	182.845497	0.004499	3.8
688	-1.245343	182.706416	0.016682	5.2
689	-0.000000	182.567616	0.000000	4.7
690	-0.862477	182.429098	0.005057	3.8
691	-1.010092	182.290859	0.004522	3.8
692	-0.412252	182.152899	0.007084	4.8
693	-0.027532	182.015217	0.002700	4.3
694	-0.000000	181.877813	0.000000	4.0
695	-0.221486	181.740684	0.005355	5.2
696	-1.604353	181.603832	0.003140	4.7
697	-0.937280	181.467253	0.013373	4.0
698	-1.008985	181.330948	0.006846	4.3
699	-1.634454	181.194916	0.021494	5.1
700	-1.345881	181.059155	0.013920	4.8
701	-0.284836	180.923666	0.007911	3.7
702	-1.590086	180.788446	0.008317	3.9
703	-0.848001	180.653496	0.017390	6.0
704	-1.350976	180.518814	0.009820	4.4
705	-1.239821	180.384399	0.010545	5.2
706	-1.520637	180.250251	0.008053	5.6
707	-0.001987	180.116369	0.000266	4.8
708	-1.066692	179.982752	0.008701	4.2
709	-0.810874	179.849398	0.011292	5.2
710	-1.253999	179.716308	0.005145	5.4
711	-0.836054	179.583480	0.010643	4.2
712	-0.514624	179.450913	0.004049	4.2
713	-0.855908	179.318607	0.007703	5.4
714	-0.467449	179.186561	0.004806	4.7
715	-0.653547	179.054774	0.015738	4.2
716	-0.000000	178.923245	0.000000	4.6
717	-0.352333	178.791973	0.004474	4.8
718	-1.685820	178.660958	0.006333	5.5
719	-1.172882	178.530199	0.008069	4.1
720	-1.486736	178.399694	0.014100	5.3
721	-1.293339	178.269444	0.004800	5.4
722	-1.379903	178.139447	0.005674	4.0
723	-1.462489	178.009702	0.009446	4.4
724	-1.746475	177.880209	0.003993	4.6
725	-0.727228	177.750967	0.008313	3.9
726	-1.042824	177.621975	0.011718	3.9
727	-0.000007	177.493232	0.000002	4.0
728	-0.024484	177.364738	0.002764	5.4
729	-1.321303	177.236492	0.004155	3.9
730	-1.386125	177.108492	0.005640	4.1
731	-1.646559	176.980739	0.027330	5.2
732	-1.147258	176.853231	0.015187	4.1
733	-1.006405	176.725968	0.011529	3.7
734	-0.889555	176.598949	0.016363	3.8
735	-0.000000	176.472173	0.000000	5.2
736	-0.918054	176.345639	0.006209	3.8
737	-0.718057	176.219348	0.006820	3.6
738	-1.418630	176.093296	0.005253	3.9
739	-1.383363	175.967486	0.012583	5.1
740	-1.129776	175.841914	0.006588	3.7
741	-1.313846	175.716581	0.015079	3.7
742	-1.336495	175.591486	0.016195	4.3
743	-1.646985	175.466629	0.012658	4.8
744	-1.444733	175.342008	0.010378	4.0
745	-1.473285	175.217622	0.017008	3.8
746	-1.189082	175.093472	0.007486	5.2
747	-0.918559	174.969556	0.012114	4.5
748	-0.382093	174.845873	0.009625	3.8
749	-0.956244	174.722423	0.007825	3.7
750	-0.930651	174.599206	0.014962	5.9
751	-1.265308	174.476220	0.008456	4.5
752	-1.452993	174.353464	0.007918	3.9
753	-1.253051	174.230939	0.009125	4.6
754	-0.365467	174.108643	0.003890	5.3
755	-0.666439	173.986576	0.012063	3.8
756	-1.511001	173.864737	0.010008	3.8
757	-0.955917	173.743124	0.006657	4.2
758	-1.029727	173.621739	0.021437	4.4
759	-0.000000	173.500579	0.000000	3.7
760	-1.410766	173.379645	0.007481	3.7
761	-1.077114	173.258935	0.009001	3.9
762	-0.000001	173.138449	0.000000	4.9
763	-1.472395	173.018186	0.025128	3.5
764	-1.520645	172.898146	0.011454	3.7
765	-1.134513	172.778327	0.005712	3.8
766	-1.612937	172.658730	0.007388	4.2
767	-1.002260	172.539353	0.011518	4.3
768	-0.095963	172.420196	0.002625	3.6
769	-0.801437	172.301258	0.004572	3.7
770	-1.070851	172.182539	0.010341	4.7
771	-1.289567	172.064037	0.016614	4.3
772	-0.319877	171.945753	0.005236	3.7
773	-1.105010	171.827686	0.009930	3.6
774	-1.297453	171.709834	0.011998	4.6
775	-0.068347	171.592198	0.003618	4.2
776	-0.582270	171.474776	0.009151	3.7
777	-0.004685	171.357568	0.000637	3.7
778	-1.525757	171.240574	0.007690	4.2
779	-0.000000	171.123793	0.000000	4.3
780	-1.116300	171.007223	0.008876	4.6
781	-1.454622	170.890865	0.004430	3.8
782	-1.556096	170.774718	0.004244	4.5
783	-1.452633	170.658782	0.012172	4.4
784	-0.059612	170.543055	0.002555	3.9
785	-1.367569	170.427537	0.007954	3.8
786	-1.301192	170.312227	0.010244	4.3
787	-0.460908	170.197125	0.006045	4.7
788	-0.685255	170.082231	0.010560	3.7
789	-1.416474	169.967543	0.017473	4.0
790	-1.234294	169.853061	0.010841	4.7
791	-1.161966	169.738784	0.022997	4.2
792	-1.180625	169.624713	0.005709	3.8
793	-1.624480	169.510845	0.005630	3.9
794	-0.011784	169.397181	0.001194	5.1
795	-1.337088	169.283720	0.012615	3.9
796	-1.476625	169.170462	0.037406	3.8
797	-0.031720	169.057405	0.003180	4.3
798	-1.117558	168.944549	0.004397	5.0
799	-1.244119	168.831895	0.013867	3.8
800	-0.882906	168.719440	0.015311	3.9
801	-0.478210	168.607185	0.004925	4.9
802	-1.487911	168.495129	0.006363	5.2
803	-1.518591	168.383271	0.013189	3.8
804	-0.604475	168.271611	0.009531	3.8
805	-1.521424	168.160148	0.009838	4.9
806	-1.067501	168.048882	0.013921	4.1
807	-0.000011	167.937812	0.000003	3.8
808	-1.138597	167.826938	0.017179	3.7
809	-1.190756	167.716258	0.007543	5.3
810	-0.002166	167.605773	0.000344	4.4
811	-1.403156	167.495482	0.006498	3.7
812	-1.694986	167.385384	0.003385	4.0
813	-0.000462	167.275479	0.000086	4.7
814	-1.424429	167.165766	0.012914	3.9
815	-1.223475	167.056245	0.003348	3.8
816	-1.167272	166.946915	0.011325	4.0
817	-1.613607	166.837776	0.012201	4.7
818	-0.000001	166.728826	0.000000	3.8
819	-1.309198	166.620067	0.008294	3.7
820	-1.349511	166.511496	0.004364	3.9
821	-1.612869	166.403113	0.009887	4.7
822	-0.851519	166.294919	0.005236	4.2
823	-0.738389	166.186912	0.006252	3.8
824	-1.488488	166.079091	0.002326	3.8
825	-1.091369	165.971458	0.009506	4.6
826	-1.432433	165.864009	0.020229	4.3
827	-0.000000	165.756747	0.000000	3.9
828	-0.073403	165.649669	0.004658	3.8
829	-1.404724	165.542775	0.011023	5.1
830	-0.272153	165.436065	0.004947	3.9
831	-1.164198	165.329538	0.012474	4.2
832	-1.035175	165.223194	0.014578	4.0
833	-0.008712	165.117032	0.001107	4.7
834	-1.011244	165.011052	0.014061	4.0
835	-1.197706	164.905253	0.011414	3.8
836	-1.429881	164.799635	0.014285	4.3
837	-1.032230	164.694197	0.012382	4.2
838	-0.999805	164.588939	0.004110	4.2
839	-1.132445	164.483859	0.018459	3.8
840	-0.000000	164.378959	0.000000	4.2
841	-1.267243	164.274237	0.015092	4.5
842	-0.515462	164.169692	0.008742	4.4
843	-1.347764	164.065325	0.006450	3.7
844	-1.233787	163.961135	0.015644	4.4
845	-0.514180	163.857120	0.006685	4.7
846	-1.097447	163.753282	0.007255	4.0
847	-0.874303	163.649619	0.005721	3.6
848	-1.101617	163.546130	0.008483	4.2
849	-1.290652	163.442816	0.018823	4.5
850	-1.047478	163.339676	0.008760	3.6
851	-1.369618	163.236709	0.009779	3.6
852	-0.977045	163.133915	0.005233	4.2
853	-0.177594	163.031294	0.004342	4.8
854	-1.716569	162.928844	0.005796	3.8
855	-0.450199	162.826566	0.003791	3.7
856	-0.975705	162.724459	0.008050	4.4
857	-0.610250	162.622523	0.006686	4.9
858	-0.000000	162.520757	0.000000	3.6
859	-0.313196	162.419160	0.004510	3.8
860	-1.586802	162.317733	0.043035	4.6
861	-0.940017	162.216474	0.012789	4.3
862	-1.252200	162.115383	0.008810	3.8
863	-1.671010	162.014461	0.014045	3.9
864	-1.433297	161.913705	0.011480	4.6
865	-0.000000	161.813117	0.000000	4.4
866	-0.913985	161.712695	0.010809	3.7
867	-1.098391	161.612439	0.006341	3.6
868	-0.467742	161.512349	0.005685	4.3
869	-1.653989	161.412424	0.012800	4.4
870	-1.506840	161.312663	0.007834	3.8
871	-0.000000	161.213067	0.000000	3.9
872	-1.341361	161.113635	0.024090	4.4
873	-0.999706	161.014366	0.008121	5.0
874	-1.208384	160.915260	0.006081	3.9
875	-0.805215	160.816316	0.005428	3.7
876	-1.223599	160.717535	0.010176	4.5
877	-1.055078	160.618915	0.005297	4.7
878	-0.827920	160.520456	0.008999	3.8
879	-0.752511	160.422158	0.006650	3.8
880	-1.397952	160.324021	0.010190	4.8
881	-1.465092	160.226043	0.011702	4.3
882	-1.385543	160.128225	0.014021	4.0
883	-1.002011	160.030566	0.005872	3.9
884	-1.509440	159.933066	0.003209	5.0
885	-1.132172	159.835723	0.021808	4.2
886	-1.637398	159.738539	0.007615	3.7
887	-1.012607	159.641512	0.004145	3.7
888	-1.372658	159.544642	0.011726	4.7
889	-1.290357	159.447929	0.007793	4.7
890	-0.000000	159.351372	0.000000	3.8
891	-1.398881	159.254971	0.007873	3.9
892	-1.590300	159.158725	0.005683	4.5
893	-1.453282	159.062634	0.013100	4.4
894	-1.106175	158.966697	0.020088	3.7
895	-0.646865	158.870915	0.007939	4.0
896	-1.045467	158.775286	0.014762	4.8
897	-1.461385	158.679811	0.024008	4.8
898	-1.403358	158.584489	0.008443	3.7
899	-1.088217	158.489319	0.018539	4.3
900	-0.805249	158.394302	0.012545	4.6
901	-0.558467	158.299436	0.006903	3.8
902	-0.000029	158.204721	0.000006	3.7
903	-1.231124	158.110158	0.007077	4.5
904	-1.009007	158.015745	0.007129	4.6
905	-0.644590	157.921482	0.006732	3.7
906	-1.262470	157.827369	0.002802	3.9
907	-0.887237	157.733406	0.007352	4.8
908	-1.106475	157.639591	0.007192	4.7
909	-1.030567	157.545925	0.009524	3.8
910	-0.000213	157.452408	0.000041	3.5
911	-1.168251	157.359038	0.008379	4.6
912	-0.494359	157.265816	0.007795	4.6
913	-0.994070	157.172741	0.004612	3.9
914	-1.328548	157.079813	0.004401	3.7
915	-0.451722	156.987031	0.004656	4.8
916	-1.595531	156.894395	0.017546	4.4
917	-1.546407	156.801904	0.007660	3.6
918	-0.984016	156.709559	0.012752	3.9
919	-1.416805	156.617359	0.008053	4.7
920	-1.307324	156.525304	0.027531	4.6
921	-0.870769	156.433392	0.008276	3.8
922	-1.491422	156.341624	0.009061	4.0
923	-0.710283	156.250000	0.006657	4.7
924	-0.854110	156.158519	0.018403	4.2
925	-1.269145	156.067180	0.015053	4.0
926	-0.690318	155.975984	0.004052	4.0
927	-0.811260	155.884930	0.011940	5.0
928	-1.473442	155.794017	0.004843	3.7
929	-1.234376	155.703246	0.010004	4.0
930	-0.930205	155.612615	0.014193	4.0
931	-1.322088	155.522125	0.006169	5.0
932	-1.419488	155.431775	0.006066	3.8
933	-0.032193	155.341565	0.003032	3.8
934	-1.203542	155.251495	0.014138	4.2
935	-0.916006	155.161563	0.007149	4.6
936	-1.416276	155.071771	0.007349	3.9
937	-1.356048	154.982117	0.013172	3.8
938	-0.032579	154.892601	0.003390	5.5
939	-0.876980	154.803222	0.005622	4.7
940	-0.553025	154.713981	0.004734	4.4
941	-1.282939	154.624878	0.010470	3.6
942	-1.055119	154.535910	0.029150	4.3
943	-1.067389	154.447080	0.004130	3.8
944	-1.288548	154.358385	0.009070	4.2
945	-0.790925	154.269826	0.013517	3.9
946	-1.463474	154.181402	0.008130	4.2
947	-1.249302	154.093114	0.011149	4.1
948	-0.000049	154.004960	0.000011	4.5
949	-0.457704	153.916940	0.004522	3.8
950	-1.469350	153.829054	0.016045	4.2
951	-1.245448	153.741303	0.016022	4.8
952	-0.911450	153.653684	0.008515	3.9
953	-0.938450	153.566198	0.008127	3.8
954	-1.654628	153.478846	0.010654	4.1
955	-1.292218	153.391625	0.012123	4.4
956	-1.375741	153.304537	0.005020	3.7
957	-1.402126	153.217580	0.006629	3.9
958	-1.318302	153.130755	0.006662	4.4
959	-0.896448	153.044061	0.005794	4.5
960	-0.893785	152.957498	0.012132	3.9
961	-1.298266	152.871065	0.009690	3.8
962	-1.578474	152.784762	0.005631	4.9
963	-1.098894	152.698589	0.006175	4.6
964	-1.298284	152.612545	0.018270	3.6
965	-1.160438	152.526631	0.014133	3.7
966	-1.404306	152.440845	0.010357	6.7
967	-1.513905	152.355188	0.006139	3.8
968	-1.249454	152.269660	0.006917	3.7
969	-1.516261	152.184259	0.007277	4.6
970	-1.368746	152.098986	0.011852	5.0
971	-1.551409	152.013840	0.005860	3.7
972	-0.170211	151.928821	0.004664	3.9
973	-0.000111	151.843928	0.000023	4.5
974	-0.423395	151.759163	0.004393	4.5
975	-1.096675	151.674523	0.009427	3.7
976	-1.065716	151.590009	0.011639	3.9
977	-1.335625	151.505620	0.006982	4.3
978	-0.377813	151.421357	0.003687	4.8
979	-1.274631	151.337218	0.016205	3.8
980	-1.082607	151.253204	0.006533	3.9
981	-0.925080	151.169314	0.011936	4.3
982	-1.218418	151.085549	0.021895	4.5
983	-0.849540	151.001907	0.012596	3.8
984	-0.893227	150.918388	0.007163	4.2
985	-1.275607	150.834992	0.007943	4.7
986	-0.758690	150.751719	0.006876	4.5
987	-1.065010	150.668569	0.006523	4.1
988	-1.434087	150.585541	0.008932	3.7
989	-1.398337	150.502634	0.004414	4.5
990	-1.150101	150.419849	0.018407	4.2
991	-1.639963	150.337186	0.005497	4.8
992	-1.248978	150.254644	0.007923	4.3
993	-0.004908	150.172222	0.000503	4.6
994	-1.274111	150.089921	0.006688	4.0
995	-1.411153	150.007740	0.013914	3.8
996	-0.444903	149.925679	0.010554	4.5
997	-0.596206	149.843737	0.005816	4.9
998	-1.258393	149.761915	0.009201	3.8
999	-1.238374	149.680212	0.020226	3.9
1000	-0.000001	149.598627	0.000000	4.2
1001	-1.229680	149.517161	0.006912	4.0
1002	-0.048955	149.435814	0.002124	4.5
1003	-1.201883	149.354584	0.005871	3.7
1004	-1.105141	149.273472	0.009729	4.2
1005	-1.482399	149.192477	0.006386	3.9
1006	-1.595450	149.111599	0.010822	4.8
1007	-1.678649	149.030838	0.006906	4.0
1008	-0.004897	148.950194	0.000669	4.3
1009	-1.389696	148.869666	0.012113	4.4
1010	-1.518296	148.789253	0.007691	4.0
1011	-0.000000	148.708957	0.000000	3.8
1012	-0.850893	148.628776	0.013960	4.3
1013	-1.605988	148.548710	0.042493	4.2
1014	-1.422357	148.468759	0.010651	3.7
1015	-0.400668	148.388923	0.008716	3.6
1016	-1.065184	148.309201	0.011473	4.5
1017	-0.507688	148.229594	0.007528	4.7
1018	-1.293772	148.150100	0.015871	3.8
1019	-0.943211	148.070719	0.017104	3.9
1020	-0.802645	147.991452	0.005597	5.4
1021	-1.302800	147.912298	0.019409	4.5
1022	-1.081812	147.833257	0.007152	3.7
1023	-1.220183	147.754329	0.006219	3.7
1024	-1.289839	147.675512	0.013722	4.8
1025	-0.982672	147.596808	0.010932	4.0
1026	-1.252233	147.518216	0.003944	3.8
1027	-0.746960	147.439735	0.010692	3.6
1028	-1.637849	147.361365	0.006404	4.7
1029	-1.185486	147.283106	0.010892	4.1
1030	-0.989641	147.204958	0.006389	3.9
1031	-0.000000	147.126920	0.000000	4.0
1032	-0.921647	147.048993	0.019262	4.6
1033	-0.264783	146.971175	0.007208	3.9
1034	-1.329101	146.893468	0.010807	3.7
1035	-1.114757	146.815869	0.009862	3.9
1036	-1.177935	146.738380	0.005926	4.3
1037	-0.702704	146.661000	0.006062	4.4
1038	-1.308119	146.583729	0.009723	3.7
1039	-1.528809	146.506566	0.009608	3.9
1040	-1.393597	146.429511	0.009801	4.8
1041	-0.003909	146.352565	0.000577	4.2
1042	-0.493961	146.275726	0.005565	3.8
1043	-0.903042	146.198994	0.006182	3.8
1044	-1.033631	146.122370	0.010603	4.6
1045	-0.628952	146.045853	0.016896	4.0
1046	-0.000001	145.969442	0.000000	3.9
1047	-1.034434	145.893139	0.010531	3.7
1048	-1.716942	145.816941	0.007416	4.8
1049	-0.493120	145.740849	0.009318	4.1
1050	-1.392669	145.664863	0.006088	3.8
1051	-0.997049	145.588983	0.013008	3.8
1052	-0.430505	145.513208	0.008924	4.5
1053	-0.784577	145.437538	0.005305	4.0
1054	-0.148517	145.361973	0.002900	4.0
1055	-1.352745	145.286513	0.003804	3.8
1056	-0.000000	145.211157	0.000000	4.3
1057	-0.696148	145.135905	0.010192	4.3
1058	-0.000000	145.060757	0.000000	4.2
1059	-0.906748	144.985712	0.013764	4.1
1060	-1.588195	144.910771	0.014980	4.5
1061	-1.324378	144.835934	0.015472	4.1
1062	-1.277008	144.761199	0.022293	3.8
1063	-0.936075	144.686567	0.011428	3.7
1064	-1.150410	144.612037	0.008650	4.9
1065	-0.000003	144.537610	0.000001	4.3
1066	-0.000000	144.463285	0.000000	3.7
1067	-1.073374	144.389062	0.007140	4.2
1068	-0.757465	144.314940	0.013121	5.6
1069	-1.607131	144.240920	0.006990	3.8
1070	-1.411923	144.167001	0.010969	3.8
1071	-1.428002	144.093182	0.009638	4.5
1072	-1.112705	144.019465	0.011357	4.7
1073	-1.683626	143.945848	0.010924	3.7
1074	-1.293634	143.872331	0.010726	3.7
1075	-1.481937	143.798914	0.006292	4.5
1076	-0.000104	143.725597	0.000021	4.5
1077	-0.990633	143.652380	0.011150	3.6
1078	-1.474316	143.579262	0.012267	3.7
1079	-0.819534	143.506243	0.008618	4.3
1080	-1.195482	143.433323	0.008313	4.7
1081	-1.565620	143.360502	0.007733	3.7
1082	-0.762070	143.287780	0.019630	3.7
1083	-1.199098	143.215155	0.021221	4.4
1084	-1.627613	143.142629	0.007601	4.5
1085	-1.221026	143.070201	0.006258	3.7
1086	-0.385070	142.997870	0.005501	3.7
1087	-0.000835	142.925637	0.000157	4.4
1088	-1.402594	142.853501	0.007837	4.5
1089	-1.355216	142.781462	0.013903	3.7
1090	-1.336500	142.709519	0.007689	3.9
1091	-1.465582	142.637674	0.007933	4.3
1092	-1.220622	142.565924	0.009412	4.9
1093	-0.918950	142.494271	0.004315	3.7
1094	-1.418813	142.422714	0.003369	3.7
1095	-0.822586	142.351252	0.007654	4.2
1096	-1.385456	142.279886	0.009432	4.5
1097	-0.606108	142.208616	0.004710	3.8
1098	-1.146306	142.137440	0.009687	3.7
1099	-0.760977	142.066360	0.004894	4.1
1100	-0.000019	141.995374	0.000005	4.3
1101	-0.964930	141.924483	0.010556	3.8
1102	-1.514490	141.853685	0.005096	3.6
1103	-0.650822	141.782983	0.004658	4.2
1104	-1.007732	141.712373	0.012728	4.6
1105	-1.689101	141.641858	0.006231	3.7
1106	-1.491443	141.571436	0.009382	3.7
1107	-1.171061	141.501108	0.008992	4.0
1108	-1.080494	141.430872	0.003422	4.4
1109	-1.489283	141.360730	0.014702	4.3
1110	-1.577380	141.290680	0.015948	3.6
1111	-1.244900	141.220722	0.019260	4.1
1112	-0.379014	141.150857	0.004533	4.2
1113	-1.508366	141.081084	0.006981	4.1
1114	-1.275320	141.011403	0.007597	3.7
1115	-1.606466	140.941813	0.012855	3.9
1116	-1.193592	140.872315	0.009730	4.9
1117	-1.158696	140.802909	0.016342	4.4
1118	-1.445254	140.733593	0.025055	3.8
1119	-1.390008	140.664369	0.006511	4.1
1120	-1.546190	140.595235	0.012097	4.7
1121	-1.449063	140.526192	0.009809	3.8
1122	-0.795947	140.457239	0.005192	4.0
1123	-1.472518	140.388376	0.011125	4.8
1124	-1.686804	140.319603	0.009352	4.4
1125	-0.904442	140.250920	0.012030	3.8
1126	-1.388338	140.182326	0.012604	3.8
1127	-1.184799	140.113822	0.005679	4.3
1128	-1.514023	140.045407	0.006682	4.3
1129	-0.984280	139.977081	0.010596	3.8
1130	-1.411264	139.908844	0.001946	3.8
1131	-1.107733	139.840696	0.009806	4.7
1132	-1.071003	139.772635	0.011212	4.7
1133	-1.102378	139.704664	0.007424	3.8
1134	-1.433649	139.636780	0.008147	3.9
1135	-0.000000	139.568984	0.000000	4.9
1136	-1.413999	139.501276	0.004772	4.4
1137	-1.292739	139.433655	0.008074	3.9
1138	-1.032930	139.366122	0.005905	3.8
1139	-0.970792	139.298676	0.005435	4.8
1140	-1.427009	139.231317	0.007859	4.6
1141	-0.000000	139.164045	0.000000	3.7
1142	-1.212481	139.096859	0.022476	4.0
1143	-1.028363	139.029760	0.015603	4.7
1144	-0.000003	138.962747	0.000001	4.1
1145	-0.776589	138.895820	0.011250	3.8
1146	-1.157777	138.828978	0.011803	3.9
1147	-1.533493	138.762223	0.006189	4.8
1148	-1.281301	138.695553	0.009943	3.8
1149	-1.194149	138.628969	0.012156	3.8
1150	-1.021925	138.562469	0.016423	3.9
1151	-1.146218	138.496055	0.021238	4.7
1152	-1.226268	138.429725	0.011977	3.7
1153	-1.358036	138.363481	0.032613	3.9
1154	-1.345304	138.297320	0.009198	3.8
1155	-1.142869	138.231244	0.006127	4.7
1156	-0.536995	138.165252	0.004277	4.3
1157	-1.468064	138.099344	0.020988	3.9
1158	-1.640792	138.033520	0.016892	3.8
1159	-1.333641	137.967779	0.015685	4.4
1160	-0.926519	137.902122	0.010165	4.0
1161	-1.683924	137.836548	0.005670	4.0
1162	-0.850211	137.771057	0.020802	3.8
1163	-0.879852	137.705649	0.003535	4.0
1164	-1.551946	137.640324	0.008940	4.2
1165	-1.226499	137.575081	0.005196	4.1
1166	-0.861974	137.509921	0.005547	3.7
1167	-0.470536	137.444842	0.005523	4.1
1168	-0.000000	137.379846	0.000000	4.8
1169	-1.651320	137.314932	0.009026	3.8
1170	-0.000000	137.250100	0.000000	3.8
1171	-1.341070	137.185349	0.012648	4.3
1172	-1.136155	137.120680	0.018503	4.2
1173	-1.465220	137.056092	0.007337	3.8
1174	-0.936937	136.991585	0.010924	3.9
1175	-1.455209	136.927158	0.006150	5.0
1176	-1.555904	136.862813	0.003596	4.3
1177	-1.006264	136.798548	0.005905	3.6
1178	-1.625095	136.734363	0.006153	3.9
1179	-1.697417	136.670259	0.008462	5.0
1180	-0.033715	136.606235	0.002930	4.1
1181	-1.276215	136.542291	0.010122	3.7
1182	-1.151752	136.478426	0.007028	3.1
1183	-1.729690	136.414641	0.019314	4.7
1184	-0.817039	136.350936	0.006729	12.0
1185	-1.603882	136.287310	0.014761	7.8
1186	-0.389666	136.223763	0.011473	7.1
1187	-0.041509	136.160295	0.002724	8.2
1188	-0.946639	136.096905	0.011786	7.2
1189	-1.342942	136.033594	0.011130	7.8
1190	-0.971992	135.970362	0.014082	7.1
1191	-1.301922	135.907208	0.018406	8.2
1192	-0.014238	135.844133	0.001812	7.6
1193	-1.345011	135.781135	0.005873	7.5
1194	-0.915964	135.718215	0.012071	7.8
1195	-0.375140	135.655373	0.009444	8.3
1196	-1.174073	135.592608	0.004627	8.0
1197	-0.208098	135.529921	0.006588	7.3
1198	-0.000000	135.467311	0.000000	7.3
1199	-0.325143	135.404778	0.003633	8.2
1200	-0.000000	135.342322	0.000000	7.7
1201	-1.314342	135.279942	0.009906	7.3
1202	-0.434485	135.217640	0.005059	7.6
1203	-1.185948	135.155413	0.005509	7.7
1204	-0.000000	135.093263	0.000000	7.6
1205	-1.045814	135.031190	0.006630	8.1
1206	-1.477199	134.969192	0.005063	8.7
1207	-1.052953	134.907270	0.012109	7.2
1208	-0.930049	134.845424	0.009864	9.2
1209	-1.603467	134.783653	0.005149	7.3
1210	-1.564530	134.721958	0.008124	7.9
1211	-1.613536	134.660338	0.003940	7.0
1212	-1.343534	134.598793	0.009322	8.0
1213	-1.562571	134.537323	0.009439	7.4
1214	-1.450851	134.475927	0.008612	7.9
1215	-1.242755	134.414607	0.010518	7.7
1216	-1.580994	134.353361	0.005562	8.0
1217	-1.677498	134.292189	0.014175	7.7
1218	-1.106602	134.231092	0.014640	7.7
1219	-1.532929	134.170068	0.003102	7.7
1220	-1.170316	134.109119	0.007446	7.7
1221	-1.276177	134.048243	0.008479	7.8
1222	-0.002915	133.987441	0.000451	7.5
1223	-0.021436	133.926713	0.001986	7.6
1224	-0.959036	133.866057	0.012076	7.1
1225	-1.227269	133.805475	0.007281	8.4
1226	-1.469854	133.744966	0.005286	7.0
1227	-1.268431	133.684530	0.005322	7.7
1228	-1.544947	133.624167	0.005759	6.8
1229	-1.248991	133.563877	0.010939	7.5
1230	-0.912666	133.503658	0.014995	7.9
1231	-0.798377	133.443513	0.013652	7.2
1232	-0.000050	133.383439	0.000011	7.8
1233	-0.781809	133.323437	0.004723	7.6
1234	-1.031467	133.263508	0.016200	7.9
1235	-1.699894	133.203650	0.019379	7.5
1236	-1.317563	133.143864	0.007666	7.7
1237	-0.350854	133.084149	0.007535	7.6
1238	-1.257018	133.024506	0.003609	7.4
1239	-0.075914	132.964934	0.004381	7.6
1240	-1.415063	132.905433	0.005759	7.7
1241	-1.491315	132.846003	0.005223	7.5
1242	-1.348207	132.786643	0.011240	7.3
1243	-1.056330	132.727355	0.005228	7.5
1244	-0.000000	132.668137	0.000000	7.5
1245	-1.536014	132.608989	0.007069	7.5
1246	-1.349742	132.549912	0.012373	7.1
1247	-0.006019	132.490904	0.000709	8.4
1248	-0.938088	132.431967	0.005096	7.2
1249	-1.734702	132.373100	0.006604	8.3
1250	-0.955752	132.314302	0.014711	7.0
1251	-1.300951	132.255574	0.006990	8.6
1252	-0.919452	132.196916	0.007988	7.0
1253	-0.000003	132.138326	0.000001	8.0
1254	-1.325832	132.079806	0.009515	6.6
1255	-1.358174	132.021355	0.008381	7.8
1256	-1.489027	131.962973	0.021520	7.6
1257	-1.262196	131.904660	0.009727	7.7
1258	-1.435181	131.846415	0.006195	7.6
1259	-0.977370	131.788239	0.005902	7.3
1260	-1.617234	131.730131	0.018315	7.8
1261	-0.627446	131.672092	0.009585	7.0
1262	-0.969760	131.614121	0.004353	8.1
1263	-1.476619	131.556217	0.011081	7.1
1264	-0.722332	131.498382	0.016291	7.8
1265	-1.334357	131.440614	0.009077	7.4
1266	-0.169949	131.382914	0.006736	7.4
1267	-1.234882	131.325282	0.003294	7.5
1268	-1.180593	131.267717	0.004914	7.3
1269	-1.163357	131.210219	0.013671	7.7
1270	-1.256524	131.152788	0.004821	7.2
1271	-0.000000	131.095424	0.000000	7.9
1272	-0.823254	131.038127	0.009469	7.2
1273	-1.129824	130.980897	0.015427	8.1
1274	-1.421475	130.923733	0.004767	7.0
1275	-0.000000	130.866636	0.000000	7.9
1276	-1.344100	130.809605	0.021925	7.1
1277	-1.329217	130.752641	0.006317	8.0
1278	-1.656373	130.695742	0.011648	6.8
1279	-1.168866	130.638910	0.011601	8.5
1280	-1.658106	130.582143	0.014516	6.9
1281	-1.394427	130.525442	0.009403	8.0
1282	-1.377807	130.468807	0.007329	7.4
1283	-1.182731	130.412237	0.009639	7.8
1284	-1.142463	130.355733	0.008150	7.8
1285	-1.304631	130.299294	0.016750	8.3
1286	-1.204459	130.242920	0.008928	8.0
1287	-0.673845	130.186611	0.006069	7.4
1288	-1.225401	130.130366	0.004717	7.6
1289	-1.509211	130.074187	0.018735	7.3
1290	-0.413307	130.018072	0.004112	7.8
1291	-0.341389	129.962022	0.008784	7.4
1292	-1.504650	129.906036	0.015739	7.7
1293	-1.294646	129.850114	0.010791	6.9
1294	-1.337712	129.794257	0.004444	7.7
1295	-0.669361	129.738463	0.013376	7.1
1296	-1.277794	129.682734	0.002664	7.7
1297	-1.429698	129.627068	0.014114	7.8
1298	-0.950702	129.571466	0.011934	7.4
1299	-0.543696	129.515927	0.003986	7.7
1300	-1.546717	129.460452	0.005649	7.0
1301	-1.145965	129.405040	0.009259	8.6
1302	-1.213963	129.349692	0.012910	8.6
1303	-0.807487	129.294406	0.006839	8.0
1304	-0.968543	129.239183	0.006569	7.1
1305	-1.173167	129.184024	0.019808	8.8
1306	-0.572384	129.128927	0.004003	7.5
1307	-1.388179	129.073892	0.014940	8.0
1308	-0.790408	129.018921	0.010942	6.9
1309	-0.792665	128.964011	0.002997	7.5
1310	-1.136489	128.909164	0.007983	7.2
1311	-1.229022	128.854379	0.007729	10.4
1312	-0.615167	128.799656	0.006136	7.2
1313	-1.316453	128.744995	0.012664	7.8
1314	-1.253175	128.690396	0.010135	7.1
1315	-0.970493	128.635858	0.013832	7.9
1316	-0.000000	128.581382	0.000000	7.2
1317	-1.015890	128.526968	0.010181	9.2
1318	-1.394498	128.472615	0.009472	7.2
1319	-1.346880	128.418323	0.012540	7.6
1320	-0.236370	128.364092	0.004865	7.6
1321	-0.201295	128.309922	0.001641	7.1
1322	-1.199518	128.255814	0.014549	7.8
1323	-0.124574	128.201766	0.006662	7.2
1324	-1.144380	128.147778	0.005422	7.8
1325	-1.113671	128.093852	0.005118	7.3
1326	-1.513993	128.039985	0.009353	8.2
1327	-1.363054	127.986180	0.011951	7.3
1328	-0.950663	127.932434	0.004992	7.5
1329	-1.407597	127.878749	0.011509	7.6
1330	-1.518719	127.825123	0.007014	7.6
1331	-1.482008	127.771558	0.007777	7.5
1332	-1.114973	127.718052	0.007595	7.5
1333	-0.844591	127.664606	0.009485	7.4
1334	-1.522978	127.611220	0.003952	7.7
1335	-1.701304	127.557893	0.003037	8.1
1336	-1.411223	127.504625	0.011808	8.8
1337	-0.866674	127.451417	0.011946	8.0
1338	-1.215620	127.398268	0.015723	9.5
1339	-1.397333	127.345178	0.007462	7.1
1340	-0.002499	127.292147	0.000413	8.4
1341	-1.151476	127.239175	0.012140	7.2
1342	-1.052132	127.186261	0.013663	7.8
1343	-1.087893	127.133407	0.006799	7.5
1344	-0.678901	127.080610	0.015830	7.7
1345	-0.007967	127.027872	0.001061	7.9
1346	-0.442740	126.975193	0.007085	7.7
1347	-1.408107	126.922572	0.007095	7.8
1348	-1.273079	126.870008	0.016492	7.4
1349	-0.995679	126.817503	0.009457	8.0
1350	-0.977656	126.765056	0.011100	7.3
1351	-0.515603	126.712667	0.004429	7.9
1352	-1.414300	126.660335	0.005594	7.8
1353	-0.000001	126.608061	0.000000	7.8
1354	-1.429582	126.555844	0.008843	7.0
1355	-0.924589	126.503685	0.005115	7.2
1356	-1.491946	126.451583	0.014580	7.5
1357	-0.793266	126.399538	0.007611	7.5
1358	-1.440700	126.347550	0.013842	7.4
1359	-1.342334	126.295619	0.014151	7.4
1360	-0.758129	126.243745	0.003897	8.1
1361	-0.000000	126.191928	0.000000	7.1
1362	-1.098550	126.140168	0.006861	8.1
1363	-1.100039	126.088464	0.009811	7.1
1364	-1.224436	126.036817	0.007877	8.1
1365	-0.894821	125.985226	0.005549	7.2
1366	-1.224201	125.933691	0.013318	8.0
1367	-0.734470	125.882212	0.008767	7.1
1368	-1.331850	125.830790	0.012570	8.6
1369	-1.671300	125.779423	0.006187	7.3
1370	-1.235688	125.728113	0.014409	8.0
1371	-1.502682	125.676858	0.004883	13.3
1372	-0.439044	125.625659	0.005773	5.9
1373	-1.471930	125.574515	0.008473	4.3
1374	-1.034434	125.523427	0.005127	4.7
1375	-0.032378	125.472394	0.002757	4.9
1376	-0.999356	125.421417	0.008245	4.4
1377	-1.234674	125.370495	0.010230	3.9
1378	-1.440058	125.319628	0.013303	3.9
1379	-1.107166	125.268815	0.014206	4.7
1380	-0.170466	125.218058	0.007629	3.7
1381	-0.912006	125.167356	0.009149	3.6
1382	-1.122549	125.116708	0.008255	3.6
1383	-1.318933	125.066115	0.010153	4.7
1384	-0.000000	125.015576	0.000000	4.4
1385	-1.350598	124.965092	0.014945	4.0
1386	-0.976140	124.914662	0.009414	3.8
1387	-1.363165	124.864287	0.005223	4.5
1388	-0.137664	124.813965	0.003662	3.8
1389	-0.000000	124.763698	0.000000	3.9
1390	-0.000001	124.713485	0.000000	3.9
1391	-1.292929	124.663325	0.016692	5.0
1392	-1.215170	124.613219	0.014225	4.2
1393	-0.058264	124.563167	0.003345	3.7
1394	-1.359863	124.513168	0.008836	3.7
1395	-1.053103	124.463223	0.006086	4.7
1396	-1.212383	124.413332	0.013771	3.9
1397	-1.425831	124.363493	0.008351	3.7
1398	-1.401830	124.313708	0.014972	3.5
1399	-1.238097	124.263976	0.009682	4.2
1400	-0.764635	124.214297	0.006103	3.7
1401	-1.140904	124.164671	0.022728	4.5
1402	-1.279625	124.115097	0.010231	3.8
1403	-0.131209	124.065577	0.006619	4.1
1404	-0.000000	124.016109	0.000000	4.2
1405	-0.615119	123.966693	0.009786	4.2
1406	-1.457798	123.917330	0.011486	3.7
1407	-0.847871	123.868020	0.005045	4.1
1408	-0.954210	123.818762	0.008303	4.6
1409	-0.805558	123.769556	0.006048	3.7
1410	-0.768370	123.720402	0.005867	3.7
1411	-0.000000	123.671300	0.000000	4.1
1412	-0.155061	123.622250	0.005885	4.2
1413	-1.140777	123.573252	0.008026	3.7
1414	-0.903561	123.524305	0.007158	3.7
1415	-1.011876	123.475411	0.008611	4.2
1416	-1.591010	123.426568	0.055928	4.3
1417	-0.120485	123.377776	0.003072	3.5
1418	-1.461542	123.329036	0.008264	3.7
1419	-0.000000	123.280347	0.000000	4.3
1420	-0.815557	123.231709	0.005218	4.6
1421	-1.208523	123.183122	0.007751	3.7
1422	-0.654004	123.134587	0.008675	3.7
1423	-1.088738	123.086102	0.007008	4.7
1424	-0.459771	123.037669	0.008530	4.5
1425	-1.302566	122.989286	0.004727	3.8
1426	-1.749182	122.940954	0.007620	3.9
1427	-1.598051	122.892672	0.010757	4.4
1428	-1.641178	122.844441	0.015816	4.6
1429	-1.263915	122.796261	0.018685	3.9
1430	-0.000000	122.748130	0.000000	3.7
1431	-0.082020	122.700050	0.003034	4.4
1432	-1.496262	122.652021	0.003886	4.6
1433	-1.065920	122.604041	0.011930	4.0
1434	-0.000000	122.556111	0.000000	3.8
1435	-0.860565	122.508232	0.005147	4.5
1436	-1.564188	122.460402	0.022470	4.9
1437	-0.312726	122.412622	0.003077	3.7
1438	-1.246575	122.364891	0.015919	3.8
1439	-1.224473	122.317210	0.006283	4.9
1440	-1.344758	122.269579	0.005185	4.4
1441	-1.184053	122.221997	0.011782	3.8
1442	-1.396511	122.174465	0.007115	3.8
1443	-0.471430	122.126981	0.005469	4.4
1444	-1.337901	122.079547	0.008069	4.5
1445	-1.182278	122.032162	0.012308	3.7
1446	-1.245977	121.984826	0.013067	3.8
1447	-0.925872	121.937539	0.006480	5.0
1448	-0.897180	121.890301	0.008926	4.3
1449	-0.298840	121.843112	0.007609	3.7
1450	-1.232160	121.795971	0.008985	3.7
1451	-1.226568	121.748879	0.006724	5.0
1452	-0.202035	121.701835	0.006822	4.3
1453	-0.834424	121.654840	0.009418	4.0
1454	-1.328740	121.607893	0.016472	4.2
1455	-1.620063	121.560994	0.008338	4.8
1456	-0.969922	121.514144	0.016548	3.5
1457	-0.307838	121.467342	0.005290	3.6
1458	-1.065112	121.420588	0.005921	3.7
1459	-1.567811	121.373882	0.006748	4.3
1460	-1.480340	121.327223	0.015730	4.2
1461	-0.000000	121.280613	0.000000	3.6
1462	-1.036188	121.234050	0.013802	3.7
1463	-1.041171	121.187535	0.005373	4.3
1464	-0.003265	121.141067	0.000487	4.4
1465	-1.095692	121.094647	0.008610	4.2
1466	-0.755148	121.048274	0.006069	3.7
1467	-0.437314	121.001949	0.005214	4.0
1468	-1.283428	120.955671	0.009113	4.3
1469	-0.968067	120.909440	0.009820	3.7
1470	-1.328136	120.863256	0.011274	3.5
1471	-0.000000	120.817119	0.000000	4.0
1472	-0.005660	120.771029	0.000819	4.2
1473	-1.186758	120.724986	0.010267	3.7
1474	-0.070098	120.678990	0.005023	3.7
1475	-1.157557	120.633040	0.004018	4.2
1476	-0.726862	120.587137	0.012125	4.4
1477	-1.272895	120.541281	0.003801	3.7
1478	-1.349331	120.495471	0.012263	3.7
1479	-1.352284	120.449707	0.008304	4.1
1480	-0.531281	120.403990	0.009083	6.3
1481	-0.854870	120.358319	0.006646	3.8
1482	-0.000000	120.312694	0.000000	3.7
1483	-1.341154	120.267115	0.013972	5.7
1484	-0.490636	120.221582	0.004062	3.7
1485	-1.359894	120.176096	0.008109	3.8
1486	-1.318645	120.130655	0.023871	3.7
1487	-1.368936	120.085260	0.008123	6.3
1488	-0.078263	120.039910	0.004032	3.7
1489	-1.121907	119.994606	0.007241	3.6
1490	-0.720171	119.949348	0.006273	3.9
1491	-1.500142	119.904135	0.007132	5.1
1492	-1.288191	119.858968	0.023016	3.9
1493	-1.159115	119.813846	0.007358	3.8
1494	-1.153154	119.768769	0.008010	4.5
1495	-1.066840	119.723738	0.009321	4.7
1496	-1.175499	119.678752	0.007262	3.8
1497	-1.332141	119.633810	0.013982	4.0
1498	-0.232634	119.588914	0.008530	4.7
1499	-1.193619	119.544062	0.007042	4.7
1500	-1.047076	119.499256	0.021310	3.8
1501	-0.000000	119.454494	0.000000	3.6
1502	-0.050800	119.409777	0.003229	4.5
1503	-0.886993	119.365104	0.010041	4.3
1504	-0.495203	119.320476	0.008035	3.6
1505	-0.995207	119.275893	0.006684	3.6
1506	-0.761384	119.231353	0.006070	4.5
1507	-0.678891	119.186859	0.009042	4.4
1508	-1.570884	119.142408	0.008509	3.6
1509	-0.868080	119.098002	0.007184	4.0
1510	-0.937328	119.053639	0.004742	4.2
1511	-0.891115	119.009321	0.010176	4.7
1512	-0.793801	118.965047	0.007234	3.7
1513	-1.080059	118.920816	0.018382	3.9
1514	-1.475667	118.876630	0.010025	4.4
1515	-1.430894	118.832487	0.005744	4.3
1516	-0.712147	118.788388	0.006249	3.8
1517	-0.846300	118.744332	0.012538	3.7
1518	-1.123760	118.700320	0.015674	4.2
1519	-0.976359	118.656352	0.011399	4.5
1520	-1.033115	118.612427	0.007773	3.9
1521	-1.022756	118.568545	0.014412	3.7
1522	-0.751896	118.524706	0.003703	4.0
1523	-1.446466	118.480911	0.016191	4.0
1524	-1.571333	118.437159	0.008951	5.8
1525	-1.357579	118.393450	0.008023	3.6
1526	-0.268883	118.349784	0.003316	4.1
1527	-1.471015	118.306160	0.009251	4.4
1528	-1.478020	118.262580	0.007111	4.2
1529	-1.314242	118.219042	0.008002	3.6
1530	-1.369804	118.175548	0.007470	4.3
1531	-1.152103	118.132095	0.007637	4.1
1532	-1.298045	118.088686	0.009716	3.8
1533	-0.982086	118.045319	0.003661	3.7
1534	-1.098703	118.001994	0.015174	3.9
1535	-1.258750	117.958712	0.020242	4.2
1536	-0.451293	117.915472	0.004457	3.8
1537	-0.341063	117.872274	0.003951	3.8
1538	-1.418000	117.829118	0.007080	4.5
1539	-0.962681	117.786005	0.003292	4.7
1540	-0.923578	117.742933	0.011651	3.7
1541	-1.209522	117.699904	0.004177	3.6
1542	-1.317243	117.656916	0.002413	5.1
1543	-1.694360	117.613971	0.012418	4.7
1544	-1.660830	117.571067	0.006857	3.8
1545	-1.144345	117.528205	0.007205	3.6
1546	-1.091980	117.485384	0.006143	5.3
1547	-1.270071	117.442605	0.009602	4.2
1548	-0.232521	117.399867	0.008515	3.7
1549	-1.003436	117.357171	0.008313	4.4
1550	-1.044362	117.314517	0.007054	4.5
1551	-0.801302	117.271903	0.006302	4.4
1552	-0.169483	117.229331	0.006731	3.8
1553	-1.357008	117.186800	0.008564	3.7
1554	-1.497872	117.144311	0.013078	4.7
1555	-1.321839	117.101862	0.007524	3.6
1556	-0.967576	117.059454	0.008841	3.7
1557	-1.505584	117.017087	0.008748	3.8
1558	-0.000000	116.974762	0.000000	4.7
1559	-0.920409	116.932476	0.005051	4.5
1560	-0.768990	116.890232	0.007966	3.8
1561	-1.244923	116.848028	0.004548	3.8
1562	-1.487433	116.805865	0.011845	5.1
1563	-0.004411	116.763743	0.000574	3.8
1564	-0.000081	116.721661	0.000014	3.9
1565	-0.000068	116.679619	0.000014	3.8
1566	-0.041753	116.637618	0.003206	4.5
1567	-0.778263	116.595657	0.006494	4.3
1568	-1.685951	116.553736	0.008653	3.8
1569	-1.286632	116.511855	0.009532	3.8
1570	-1.337224	116.470015	0.009761	4.9
1571	-0.177710	116.428214	0.003635	4.1
1572	-1.178986	116.386454	0.009943	3.7
1573	-1.135604	116.344733	0.009144	3.7
1574	-0.000000	116.303052	0.000000	4.4
1575	-1.488613	116.261412	0.007529	4.7
1576	-0.579238	116.219810	0.006036	3.9
1577	-1.119537	116.178249	0.006395	3.8
1578	-1.268553	116.136727	0.005915	4.7
1579	-0.901339	116.095245	0.004704	4.3
1580	-0.000000	116.053802	0.000000	3.7
1581	-1.353864	116.012398	0.008867	4.3
1582	-0.869004	115.971034	0.013578	4.3
1583	-1.442418	115.929710	0.009369	4.7
1584	-1.330689	115.888424	0.004544	3.8
1585	-0.740286	115.847178	0.003138	4.1
1586	-1.729495	115.805970	0.013876	4.6
1587	-0.000000	115.764802	0.000000	3.9
1588	-1.561080	115.723673	0.005243	3.7
1589	-1.230969	115.682583	0.007708	4.2
1590	-1.405416	115.641532	0.004873	4.4
1591	-1.540153	115.600519	0.013503	3.8
1592	-0.749350	115.559546	0.013289	3.8
1593	-0.435231	115.518610	0.003774	4.3
1594	-0.655113	115.477714	0.012508	4.4
1595	-1.283200	115.436856	0.006817	3.7
1596	-0.168811	115.396037	0.007004	3.7
1597	-1.220476	115.355256	0.005803	4.7
1598	-1.373625	115.314514	0.004986	4.5
1599	-1.152126	115.273810	0.007767	3.7
1600	-0.342828	115.233144	0.005231	3.7
1601	-0.895483	115.192517	0.004971	5.1
1602	-0.937320	115.151927	0.011344	4.7
1603	-0.000000	115.111376	0.000000	3.8
1604	-1.393346	115.070863	0.014385	3.9
1605	-1.093903	115.030388	0.009318	5.1
1606	-0.000360	114.989951	0.000072	4.4
1607	-1.216744	114.949551	0.005613	3.7
1608	-1.170148	114.909190	0.007805	3.9
1609	-1.291043	114.868866	0.016634	4.6
1610	-1.731746	114.828580	0.006518	4.2
1611	-1.377947	114.788332	0.008692	3.7
1612	-1.131975	114.748121	0.003508	3.9
1613	-1.087014	114.707948	0.009491	4.4
1614	-1.112441	114.667812	0.005836	4.3
1615	-1.103164	114.627714	0.006485	3.6
1616	-1.408561	114.587653	0.009037	4.0
1617	-1.330326	114.547629	0.013812	4.7
1618	-0.000670	114.507643	0.000125	4.1
1619	-0.852816	114.467693	0.006112	3.9
1620	-0.304263	114.427781	0.002922	3.6
1621	-0.507985	114.387907	0.005872	4.6
1622	-1.345839	114.348069	0.005669	4.0
1623	-0.960815	114.308268	0.004336	3.9
1624	-1.166040	114.268504	0.024734	4.0
1625	-1.396069	114.228777	0.009432	4.8
1626	-1.034935	114.189086	0.010535	3.8
1627	-0.057188	114.149433	0.004793	4.1
1628	-1.068652	114.109816	0.009897	4.3
1629	-1.512957	114.070235	0.012341	5.0
1630	-1.270575	114.030692	0.007644	3.9
1631	-0.000000	113.991185	0.000000	3.6
1632	-1.143843	113.951714	0.011189	4.2
1633	-1.469941	113.912280	0.008426	4.7
1634	-0.788843	113.872882	0.004164	4.5
1635	-1.571816	113.833521	0.015473	3.7
1636	-1.423395	113.794195	0.004214	4.1
1637	-1.631107	113.754906	0.014632	4.3
1638	-0.428937	113.715653	0.006273	4.6
1639	-0.790550	113.676437	0.007762	3.9
1640	-1.013880	113.637256	0.009329	4.4
1641	-1.231723	113.598111	0.004163	4.4
1642	-0.376491	113.559002	0.009196	4.1
1643	-1.411322	113.519929	0.003161	3.8
1644	-0.000466	113.480892	0.000087	4.2
1645	-0.841029	113.441891	0.008937	4.4
1646	-0.350253	113.402925	0.008396	3.6
1647	-0.000000	113.363995	0.000000	3.6
1648	-0.261029	113.325101	0.006698	4.4
1649	-1.092328	113.286242	0.010661	4.3
1650	-1.245187	113.247419	0.005900	3.8
1651	-1.118440	113.208631	0.022549	3.7
1652	-1.070776	113.169879	0.012595	4.7
1653	-0.208977	113.131162	0.006866	4.4
1654	-1.298427	113.092480	0.008544	3.7
1655	-1.027424	113.053833	0.016963	3.9
1656	-0.622052	113.015222	0.004551	4.8
1657	-1.086405	112.976646	0.005811	4.4
1658	-1.723258	112.938105	0.008963	3.7
1659	-0.346631	112.899599	0.004414	3.8
1660	-0.903441	112.861128	0.005235	4.3
1661	-1.260296	112.822692	0.003761	4.5
1662	-1.299954	112.784291	0.003909	3.8
1663	-0.000000	112.745924	0.000000	3.4
1664	-1.196250	112.707593	0.003527	4.2
1665	-0.897089	112.669296	0.005395	4.6
1666	-1.305876	112.631034	0.006563	3.6
1667	-0.915994	112.592806	0.005962	3.7
1668	-1.445686	112.554613	0.008687	4.2
1669	-1.715531	112.516455	0.027753	4.5
1670	-1.378637	112.478331	0.010064	3.7
1671	-0.026010	112.440241	0.002237	3.7
1672	-0.034709	112.402186	0.003383	4.4
1673	-0.000191	112.364165	0.000042	4.7
1674	-0.769224	112.326179	0.004165	3.6
1675	-0.979994	112.288227	0.004513	3.7
1676	-1.402795	112.250309	0.011553	4.2
1677	-0.000000	112.212425	0.000000	4.6
1678	-1.705845	112.174575	0.009079	3.7
1679	-0.057087	112.136759	0.002323	3.5
1680	-1.046086	112.098977	0.013964	4.2
1681	-1.128285	112.061229	0.008320	4.6
1682	-1.361579	112.023515	0.014959	3.7
1683	-0.007432	111.985834	0.000872	3.7
1684	-1.173037	111.948188	0.006529	4.2
1685	-0.430315	111.910575	0.009008	4.7
1686	-1.570942	111.872996	0.006007	3.7
1687	-0.892956	111.835450	0.004517	4.0
1688	-0.917558	111.797939	0.006374	4.6
1689	-1.693943	111.760460	0.010948	4.7
1690	-0.000000	111.723015	0.000000	3.7
1691	-1.501960	111.685604	0.005489	3.8
1692	-0.011260	111.648226	0.001605	3.8
1693	-0.025324	111.610881	0.001053	4.0
1694	-0.007480	111.573570	0.000922	4.3
1695	-1.484023	111.536292	0.003921	3.8
1696	-0.964588	111.499047	0.017625	4.2
1697	-1.117172	111.461835	0.008337	4.0
1698	-0.686557	111.424656	0.008407	4.4
1699	-1.559868	111.387510	0.003624	3.6
1700	-0.000025	111.350398	0.000005	4.1
1701	-0.747323	111.313318	0.005949	4.1
1702	-1.504231	111.276271	0.003315	4.2
1703	-0.448418	111.239257	0.004350	3.6
1704	-0.006092	111.202276	0.000935	4.1
1705	-0.038307	111.165328	0.002924	4.1
1706	-1.570074	111.128412	0.008442	4.4
1707	-1.285562	111.091529	0.008890	3.7
1708	-1.174585	111.054679	0.021088	4.2
1709	-1.540581	111.017861	0.005991	4.6
1710	-1.243267	110.981076	0.012212	4.2
1711	-1.637600	110.944323	0.010144	3.8
1712	-0.842388	110.907603	0.011312	4.1
1713	-0.866599	110.870915	0.005708	5.4
1714	-0.044844	110.834259	0.003300	3.7
1715	-1.302756	110.797636	0.017464	3.8
1716	-0.785619	110.761045	0.002776	4.5
1717	-0.801386	110.724486	0.016125	5.0
1718	-1.643075	110.687959	0.010461	3.8
1719	-1.248453	110.651465	0.005385	3.7
1720	-1.378442	110.615002	0.004884	5.4
1721	-1.172583	110.578572	0.005767	4.6
1722	-1.673814	110.542173	0.003629	3.7
1723	-1.153489	110.505807	0.006852	3.7
1724	-1.491216	110.469472	0.020895	4.7
1725	-0.000000	110.433169	0.000000	3.9
1726	-0.930704	110.396898	0.007592	3.7
1727	-0.839276	110.360659	0.013498	4.3
1728	-0.000136	110.324451	0.000031	5.0
1729	-1.218994	110.288276	0.005848	3.7
1730	-1.016263	110.252131	0.005011	3.8
1731	-0.631823	110.216019	0.010669	3.8
1732	-0.619827	110.179937	0.008261	4.4
1733	-0.869059	110.143888	0.005496	4.0
1734	-0.290938	110.107869	0.007781	4.0
1735	-0.001390	110.071882	0.000237	3.8
1736	-0.894217	110.035927	0.012764	4.9
1737	-1.545483	110.000003	0.018880	3.9
1738	-1.470009	109.964110	0.007067	3.9
1739	-1.543709	109.928248	0.007941	3.9
1740	-1.221338	109.892417	0.009232	4.4
1741	-0.010551	109.856618	0.001170	3.9
1742	-1.441879	109.820850	0.007264	3.7
1743	-0.884580	109.785112	0.006969	3.6
1744	-1.047638	109.749406	0.017771	4.9
1745	-1.390123	109.713730	0.005540	4.0
1746	-0.864812	109.678086	0.006614	3.8
1747	-1.352986	109.642472	0.004331	3.6
1748	-1.397956	109.606890	0.012031	4.8
1749	-0.333065	109.571337	0.004242	4.2
1750	-1.346597	109.535816	0.012597	3.9
1751	-1.257535	109.500326	0.007246	3.8
1752	-1.357118	109.464866	0.006207	4.6
1753	-1.301928	109.429436	0.011058	4.1
1754	-0.817056	109.394038	0.006672	3.7
1755	-0.367142	109.358669	0.008329	3.7
1756	-1.518791	109.323331	0.002207	4.4
1757	-0.924946	109.288024	0.016722	4.0
1758	-1.642399	109.252747	0.030220	4.3
1759	-1.357193	109.217501	0.003948	3.7
1760	-1.091955	109.182284	0.016578	4.1
1761	-1.359914	109.147098	0.006899	4.1
1762	-1.043016	109.111942	0.007177	4.1
1763	-0.388608	109.076817	0.009238	3.8
1764	-1.169128	109.041721	0.011647	4.6
1765	-1.206156	109.006656	0.008645	5.8
1766	-0.666474	108.971620	0.005994	3.6
1767	-1.166099	108.936615	0.011231	3.9
1768	-1.276477	108.901640	0.018879	4.7
1769	-1.205796	108.866694	0.007890	4.2
1770	-1.640192	108.831779	0.009552	3.8
1771	-0.242866	108.796893	0.006896	4.3
1772	-1.016669	108.762037	0.005752	4.7
1773	-1.564845	108.727211	0.005993	3.8
1774	-0.869968	108.692415	0.006975	4.0
1775	-0.000000	108.657648	0.000000	3.9
1776	-1.239341	108.622911	0.008323	4.7
1777	-1.139256	108.588203	0.004015	3.7
1778	-1.085490	108.553525	0.018268	3.7
1779	-1.225168	108.518877	0.013521	5.5
1780	-0.949765	108.484258	0.006973	5.3
1781	-0.551158	108.449668	0.008523	3.8
1782	-1.355590	108.415108	0.010206	3.6
1783	-1.500524	108.380578	0.011008	5.5
1784	-1.617097	108.346076	0.004784	4.3
1785	-0.013098	108.311604	0.001221	3.8
1786	-1.300026	108.277161	0.012117	4.4
1787	-0.716905	108.242747	0.010516	5.4
1788	-1.013876	108.208363	0.010130	3.8
1789	-1.198196	108.174007	0.005303	3.8
1790	-1.614004	108.139681	0.013944	4.7
1791	-1.577840	108.105383	0.005818	4.6
1792	-0.576199	108.071115	0.005177	3.6
1793	-1.467129	108.036875	0.003185	4.0
1794	-0.000000	108.002665	0.000000	4.7
1795	-1.252144	107.968483	0.005513	4.8
1796	-0.000000	107.934330	0.000000	3.7
1797	-1.250074	107.900206	0.017025	3.8
1798	-1.422069	107.866111	0.010818	4.9
1799	-0.763172	107.832044	0.008918	4.6
1800	-0.923841	107.798007	0.012175	3.6
1801	-0.735945	107.763997	0.006744	3.7
1802	-0.884884	107.730017	0.006337	4.6
1803	-0.901252	107.696065	0.010379	3.9
1804	-1.666685	107.662141	0.026304	3.7
1805	-1.145959	107.628246	0.005044	3.7
1806	-1.460207	107.594379	0.012464	4.4
1807	-1.214828	107.560541	0.006426	4.4
1808	-1.297048	107.526731	0.012520	4.1
1809	-1.187302	107.492949	0.021619	3.8
1810	-1.422032	107.459196	0.006620	4.5
1811	-0.000000	107.425471	0.000000	4.3
1812	-1.297653	107.391774	0.007249	3.7
1813	-1.202205	107.358106	0.011122	3.6
1814	-1.449288	107.324465	0.017124	4.7
1815	-1.088093	107.290853	0.007413	4.3
1816	-1.056904	107.257268	0.005615	3.9
1817	-0.530647	107.223712	0.006040	3.8
1818	-0.633034	107.190184	0.006708	4.2
1819	-1.385854	107.156683	0.004258	3.8
1820	-1.238405	107.123211	0.006610	4.2
1821	-1.482797	107.089766	0.005094	3.7
1822	-1.336351	107.056349	0.007992	4.3
1823	-0.585695	107.022960	0.010903	3.8
1824	-0.413466	106.989599	0.006484	4.2
1825	-1.621510	106.956265	0.006359	3.6
1826	-1.159937	106.922960	0.007134	4.2
1827	-1.508000	106.889681	0.011612	3.9
1828	-1.578479	106.856431	0.003974	4.5
1829	-1.559975	106.823208	0.007913	3.7
1830	-1.216355	106.790012	0.011038	4.0
1831	-1.531206	106.756844	0.018128	4.5
1832	-1.258585	106.723703	0.005356	3.8
1833	-1.686143	106.690590	0.006789	3.6
1834	-0.000000	106.657505	0.000000	4.0
1835	-0.663797	106.624446	0.005898	4.6
1836	-1.006028	106.591415	0.009767	3.7
1837	-0.964775	106.558411	0.010807	3.7
1838	-0.709363	106.525435	0.005933	4.3
1839	-1.100732	106.492485	0.008979	4.7
1840	-1.278795	106.459563	0.010990	3.8
1841	-1.376963	106.426668	0.009690	3.8
1842	-0.742389	106.393800	0.005437	4.4
1843	-1.200544	106.360959	0.012088	4.3
1844	-1.596684	106.328145	0.010736	3.7
1845	-0.977897	106.295358	0.011528	3.7
1846	-1.051453	106.262598	0.006246	4.8
1847	-1.672381	106.229865	0.007973	4.4
1848	-1.062226	106.197158	0.012033	3.7
1849	-1.360044	106.164479	0.009467	3.8
1850	-0.162742	106.131826	0.006655	4.4
1851	-1.612029	106.099201	0.004829	4.5
1852	-0.996518	106.066602	0.011390	3.7
1853	-1.071122	106.034029	0.010793	3.7
1854	-1.254985	106.001483	0.004183	4.6
1855	-1.580564	105.968964	0.005951	4.5
1856	-0.123691	105.936472	0.005341	3.7
1857	-1.375639	105.904006	0.007960	3.7
1858	-1.184082	105.871566	0.008128	4.6
1859	-1.253536	105.839153	0.009273	4.4
1860	-0.245533	105.806767	0.006066	3.6
1861	-1.141316	105.774407	0.005643	3.6
1862	-1.023492	105.742073	0.012022	4.6
1863	-1.325437	105.709766	0.008453	4.2
1864	-0.868334	105.677485	0.009809	3.7
1865	-1.372048	105.645230	0.025837	3.7
1866	-1.648696	105.613001	0.018066	4.5
1867	-0.000000	105.580799	0.000000	4.4
1868	-1.587024	105.548623	0.009774	3.7
1869	-0.684852	105.516473	0.004560	3.8
1870	-1.030546	105.484349	0.008124	4.4
1871	-1.217820	105.452251	0.006091	4.7
1872	-1.545165	105.420179	0.004998	3.7
1873	-1.262652	105.388133	0.015862	3.9
1874	-1.370700	105.356113	0.018302	4.4
1875	-0.835899	105.324119	0.005461	4.6
1876	-1.230877	105.292151	0.013255	3.9
1877	-1.447050	105.260209	0.007815	3.8
1878	-0.000005	105.228293	0.000001	4.3
1879	-1.456857	105.196402	0.024724	4.1
1880	-0.000001	105.164537	0.000000	3.8
1881	-1.345092	105.132698	0.010557	4.0
1882	-1.284389	105.100885	0.010897	4.4
1883	-1.062250	105.069097	0.010164	4.4
1884	-1.496348	105.037335	0.008514	3.8
1885	-1.353539	105.005598	0.006211	3.8
1886	-0.571615	104.973887	0.006667	4.3
1887	-1.587895	104.942202	0.007650	4.7
1888	-0.000091	104.910542	0.000021	3.8
1889	-1.024712	104.878907	0.009684	3.7
1890	-1.081374	104.847298	0.011566	4.4
1891	-1.555579	104.815715	0.005469	4.5
1892	-0.401427	104.784156	0.007269	3.9
1893	-1.351362	104.752623	0.006739	3.9
1894	-1.002472	104.721116	0.006841	4.5
1895	-1.202995	104.689633	0.005119	4.8
1896	-1.427092	104.658176	0.007116	3.9
1897	-0.060539	104.626744	0.003198	4.0
1898	-1.322494	104.595337	0.013615	4.3
1899	-1.643913	104.563955	0.005831	4.8
1900	-1.720226	104.532599	0.002539	4.0
1901	-1.533813	104.501267	0.008144	4.3
1902	-0.833367	104.469960	0.007551	5.2
1903	-0.000002	104.438679	0.000001	4.1
1904	-0.470838	104.407422	0.010075	3.8
1905	-0.223493	104.376191	0.004866	4.5
1906	-1.370739	104.344984	0.019549	5.1
1907	-0.666155	104.313802	0.008203	3.9
1908	-1.212921	104.282645	0.004930	3.9
1909	-1.164837	104.251513	0.007561	5.1
1910	-1.009350	104.220405	0.010694	4.8
1911	-1.504232	104.189323	0.010113	3.9
1912	-1.239523	104.158265	0.009759	4.2
1913	-0.005706	104.127231	0.000511	4.8
1914	-1.003902	104.096222	0.007081	3.9
1915	-1.151033	104.065238	0.018475	4.0
1916	-1.288944	104.034279	0.016094	4.3
1917	-1.621578	104.003344	0.007684	4.7
1918	-1.230074	103.972433	0.006604	4.1
1919	-0.000032	103.941547	0.000006	4.1
1920	-1.292339	103.910686	0.014017	4.6
1921	-1.539367	103.879849	0.014837	4.7
1922	-1.366057	103.849036	0.007733	4.1
1923	-0.000000	103.818248	0.000000	4.0
1924	-0.751690	103.787484	0.007356	4.9
1925	-0.522533	103.756744	0.008361	4.7
1926	-1.386039	103.726029	0.012165	4.1
1927	-1.104628	103.695338	0.008813	4.0
1928	-0.748410	103.664671	0.007455	4.7
1929	-1.580007	103.634028	0.008942	4.2
1930	-1.430865	103.603409	0.003604	4.0
1931	-1.202848	103.572814	0.017610	4.5
1932	-0.000000	103.542244	0.000000	4.6
1933	-1.020450	103.511698	0.005967	4.0
1934	-1.281927	103.481175	0.007785	4.0
1935	-0.021545	103.450677	0.002100	4.6
1936	-1.668999	103.420202	0.011133	5.0
1937	-1.557182	103.389752	0.007114	4.2
1938	-1.744003	103.359325	0.007549	4.1
1939	-1.384477	103.328922	0.010092	4.5
1940	-0.000000	103.298543	0.000000	3.7
1941	-1.450630	103.268188	0.008765	4.7
1942	-1.122965	103.237857	0.009778	4.1
1943	-1.390671	103.207549	0.008018	4.3
1944	-0.790336	103.177265	0.009681	4.1
1945	-0.757388	103.147005	0.002174	4.7
1946	-1.450221	103.116768	0.004824	4.1
1947	-1.481980	103.086556	0.019595	4.6
1948	-0.000000	103.056366	0.000000	4.9
1949	-0.000000	103.026200	0.000000	3.9
1950	-0.938596	102.996058	0.008952	4.5
1951	-1.329609	102.965939	0.007994	4.6
1952	-0.000000	102.935844	0.000000	4.8
1953	-1.189991	102.905772	0.009883	4.2
1954	-1.492509	102.875724	0.006405	4.6
1955	-1.109757	102.845699	0.009781	4.5
1956	-0.861017	102.815697	0.011927	4.1
1957	-1.566958	102.785719	0.007311	4.1
1958	-1.180619	102.755764	0.007431	4.8
1959	-1.186776	102.725832	0.005232	6.1
1960	-1.175864	102.695924	0.016450	4.1
1961	-1.697861	102.666038	0.011992	4.3
1962	-1.281816	102.636176	0.007963	4.8
1963	-0.757768	102.606337	0.009390	3.9
1964	-0.859838	102.576521	0.008706	3.7
1965	-1.427416	102.546728	0.011034	4.8
1966	-1.273996	102.516959	0.010451	4.2
1967	-0.520712	102.487212	0.007331	3.8
1968	-1.036827	102.457488	0.004439	4.2
1969	-0.464745	102.427788	0.008173	4.8
1970	-1.588946	102.398110	0.007113	4.0
1971	-1.473413	102.368455	0.005104	3.6
1972	-0.520179	102.338823	0.006983	3.5
1973	-0.003210	102.309214	0.000438	4.6
1974	-1.101939	102.279628	0.006739	4.4
1975	-1.343577	102.250064	0.007761	3.8
1976	-1.413168	102.220524	0.007764	4.0
1977	-0.000004	102.191006	0.000001	4.4
1978	-0.837257	102.161511	0.007301	4.2
1979	-0.000000	102.132038	0.000000	3.4
1980	-1.332334	102.102588	0.004410	3.8
1981	-0.938972	102.073161	0.011750	4.5
1982	-1.676826	102.043757	0.006543	4.2
1983	-1.400245	102.014375	0.015968	3.7
1984	-0.000000	101.985015	0.000000	3.6
1985	-1.699459	101.955678	0.010868	4.6
1986	-0.679417	101.926364	0.007454	4.3
1987	-1.331565	101.897072	0.011633	3.9
1988	-0.668478	101.867802	0.007410	3.8
1989	-1.670728	101.838555	0.009040	4.7
1990	-1.256457	101.809330	0.008440	4.2
1991	-1.580218	101.780128	0.008069	3.6
1992	-1.547885	101.750948	0.010791	3.6
1993	-1.511987	101.721790	0.008916	4.3
1994	-0.152069	101.692654	0.004576	4.3
1995	-1.665931	101.663541	0.006402	3.9
1996	-1.476212	101.634450	0.011748	3.8
1997	-1.600583	101.605381	0.005968	4.5
1998	-1.293164	101.576335	0.013899	4.7
1999	-1.290414	101.547310	0.009905	3.7
