1:ItNr	2:Metric	3:StepSize	4:||Gradient||	Time[ms]
0	-0.583467	627.201626	0.010219	393.2
1	-0.737833	623.504937	0.022693	4.1
2	-1.121582	619.865785	0.020022	4.6
3	-0.994530	616.282728	0.012087	4.4
4	-0.481031	612.754375	0.016803	3.8
5	-1.131305	609.279381	0.031763	5.2
6	-0.652702	605.856447	0.020362	4.2
7	-0.339854	602.484317	0.005669	3.5
8	-1.027954	599.161779	0.011109	3.8
9	-0.105754	595.887656	0.002007	4.8
10	-0.859507	592.660813	0.013290	4.6
11	-0.963863	589.480151	0.058516	3.6
12	-0.842132	586.344606	0.012307	4.1
13	-0.556995	583.253145	0.018954	5.0
14	-0.714902	580.204771	0.006584	3.7
15	-0.732647	577.198517	0.012540	3.8
16	-1.193848	574.233444	0.010943	4.5
17	-0.724731	571.308645	0.010368	4.4
18	-1.087725	568.423237	0.012361	3.6
19	-0.719502	565.576365	0.008195	3.7
20	-0.000000	562.767201	0.000000	4.4
21	-0.000000	559.994938	0.000000	4.6
22	-0.973129	557.258797	0.015382	3.7
23	-0.871685	554.558018	0.013312	4.1
24	-0.429709	551.891865	0.007143	5.0
25	-0.661628	549.259621	0.021969	4.2
26	-0.000000	546.660592	0.000000	3.8
27	-1.133453	544.094102	0.012249	4.6
28	-1.096769	541.559494	0.016963	4.2
29	-1.112799	539.056129	0.020632	4.3
30	-0.967030	536.583387	0.008549	4.6
31	-1.025823	534.140663	0.011745	4.1
32	-1.179586	531.727370	0.010739	4.2
33	-0.976834	529.342935	0.009515	3.8
34	-1.083538	526.986802	0.012891	4.2
35	-1.171479	524.658430	0.023988	3.6
36	-0.424348	522.357290	0.014029	4.1
37	-0.516338	520.082868	0.017083	4.3
38	-0.363868	517.834665	0.011607	4.7
39	-0.000000	515.612193	0.000000	3.9
40	-0.873840	513.414976	0.030542	4.0
41	-0.945578	511.242551	0.020541	4.3
42	-0.991670	509.094468	0.027832	4.2
43	-0.674697	506.970285	0.013264	3.7
44	-0.834119	504.869574	0.015447	4.2
45	-0.503039	502.791916	0.002651	4.5
46	-0.000000	500.736903	0.000000	3.7
47	-1.113415	498.704137	0.013745	3.9
48	-1.104265	496.693228	0.027169	4.2
49	-1.026380	494.703798	0.011622	4.6
50	-1.001725	492.735476	0.022248	3.7
51	-0.000000	490.787900	0.000000	3.8
52	-0.915237	488.860718	0.023775	4.5
53	-0.879912	486.953585	0.023646	4.5
54	-0.704573	485.066164	0.027041	3.6
55	-0.923604	483.198126	0.018594	3.8
56	-0.756348	481.349149	0.011147	4.4
57	-0.611313	479.518920	0.024333	4.6
58	-0.762576	477.707132	0.012920	3.7
59	-0.021691	475.913485	0.002933	3.8
60	-0.803456	474.137684	0.029911	4.3
61	-1.036028	472.379445	0.035186	4.4
62	-1.067591	470.638485	0.018440	3.6
63	-0.692520	468.914531	0.015327	4.0
64	-0.860696	467.207315	0.021798	4.5
65	-0.999695	465.516573	0.013594	4.3
66	0.000000	463.842050	0.000000	3.6
67	-0.018185	462.183494	0.002545	3.9
68	-0.773422	460.540658	0.009224	4.4
69	-0.000000	458.913303	0.000000	4.5
70	-0.756354	457.301192	0.021959	3.8
71	-0.814627	455.704096	0.013952	3.8
72	-0.000000	454.121787	0.000000	4.4
73	-0.102700	452.554045	0.005776	4.4
74	-0.000000	451.000653	0.000000	3.9
75	-0.888696	449.461399	0.008514	3.9
76	-0.378296	447.936075	0.004555	4.6
77	-0.986647	446.424477	0.029783	4.7
78	-1.227577	444.926406	0.018612	3.8
79	-0.979370	443.441666	0.018156	3.8
80	-1.128227	441.970065	0.016372	4.3
81	-0.000000	440.511415	0.000000	4.5
82	-1.048860	439.065533	0.009797	3.8
83	-1.125726	437.632238	0.026097	3.7
84	-0.897084	436.211351	0.014422	4.8
85	-1.131995	434.802701	0.022510	4.5
86	-0.000000	433.406117	0.000000	3.9
87	-1.042898	432.021430	0.011400	3.7
88	-0.870670	430.648479	0.013323	4.1
89	-0.474396	429.287101	0.004413	3.8
90	-0.645788	427.937140	0.012637	4.6
91	-1.173875	426.598440	0.016029	3.8
92	-0.021475	425.270849	0.002395	4.3
93	-1.153586	423.954220	0.029562	5.1
94	-0.000000	422.648404	0.000000	4.3
95	-0.818245	421.353259	0.026565	4.6
96	-0.306161	420.068643	0.007956	4.8
97	-0.914904	418.794419	0.014377	4.3
98	-1.056645	417.530451	0.020202	3.8
99	-0.594477	416.276604	0.004302	4.3
100	-0.809254	415.032748	0.009838	4.6
101	-0.000000	413.798754	0.000000	3.8
102	-0.951227	412.574495	0.037596	3.8
103	-0.017135	411.359849	0.002004	5.2
104	-0.201419	410.154691	0.009683	5.9
105	-1.014204	408.958904	0.017921	3.8
106	-1.028720	407.772368	0.013475	3.9
107	-1.118214	406.594968	0.007662	6.2
108	-0.000039	405.426590	0.000015	3.9
109	-0.271777	404.267122	0.011420	3.8
110	-0.433033	403.116456	0.010519	4.9
111	-0.165927	401.974481	0.009401	4.6
112	-0.000000	400.841093	0.000000	3.8
113	-0.000000	399.716187	0.000000	3.9
114	-0.818986	398.599660	0.018789	6.9
115	-0.996551	397.491411	0.041763	3.8
116	-0.905658	396.391342	0.027706	3.7
117	-0.625017	395.299353	0.012612	5.1
118	-1.084154	394.215350	0.011496	5.0
119	-1.103433	393.139238	0.010343	3.8
120	-0.594095	392.070924	0.007964	3.7
121	-1.080120	391.010316	0.016032	4.6
122	-1.276197	389.957325	0.018545	4.6
123	-1.049213	388.911862	0.011795	3.8
124	-1.069096	387.873839	0.020427	3.9
125	-0.873934	386.843173	0.008199	4.4
126	-0.897004	385.819777	0.010095	4.6
127	-0.903095	384.803569	0.012418	3.7
128	-0.922844	383.794468	0.018172	3.7
129	-0.585900	382.792393	0.006171	4.1
130	-0.000000	381.797264	0.000000	4.5
131	-0.038936	380.809005	0.003711	4.0
132	-0.894957	379.827537	0.019350	3.9
133	-0.491886	378.852786	0.006449	4.4
134	-1.000348	377.884678	0.014213	4.7
135	-0.682232	376.923138	0.019725	3.9
136	-0.000000	375.968095	0.000000	3.8
137	-0.000000	375.019479	0.000000	4.7
138	-0.000000	374.077218	0.000000	4.4
139	-0.998653	373.141244	0.016220	3.7
140	-1.032395	372.211489	0.010197	3.8
141	-0.559149	371.287887	0.004765	4.2
142	-1.052344	370.370370	0.020405	4.5
143	-1.170626	369.458876	0.017478	3.9
144	-0.000000	368.553338	0.000000	3.7
145	-0.652260	367.653696	0.007728	4.4
146	-0.000000	366.759885	0.000000	5.0
147	-0.003032	365.871846	0.000584	3.9
148	-1.253613	364.989518	0.016307	3.9
149	-0.697821	364.112841	0.012101	5.5
150	-0.815872	363.241757	0.010423	3.7
151	-0.967750	362.376208	0.013296	3.7
152	-1.025661	361.516137	0.014483	3.8
153	-1.025900	360.661488	0.023406	5.4
154	-1.236833	359.812206	0.019837	3.8
155	-1.104845	358.968236	0.026683	3.6
156	-0.560030	358.129524	0.010688	4.6
157	-0.792534	357.296018	0.010680	5.3
158	-1.078694	356.467665	0.017736	3.9
159	-0.951953	355.644414	0.018389	3.8
160	-1.020433	354.826213	0.044343	5.6
161	-1.077343	354.013012	0.011402	4.4
162	-0.711973	353.204763	0.005626	3.8
163	-0.729847	352.401415	0.011033	3.9
164	-1.112138	351.602922	0.016009	4.6
165	-0.973952	350.809235	0.010317	4.2
166	-1.179175	350.020308	0.017349	4.0
167	-0.665711	349.236095	0.037109	5.4
168	-0.000191	348.456550	0.000058	4.6
169	-0.952197	347.681627	0.014114	3.8
170	-0.867057	346.911283	0.014370	4.0
171	-0.490143	346.145474	0.012881	4.2
172	-0.957021	345.384157	0.020293	4.4
173	-0.984217	344.627288	0.024013	3.8
174	-0.901881	343.874826	0.007671	4.0
175	-0.807231	343.126729	0.035578	4.2
176	-0.823221	342.382957	0.006823	4.5
177	-0.894024	341.643469	0.029850	3.8
178	-0.537744	340.908224	0.010396	4.3
179	-0.000000	340.177184	0.000000	4.2
180	-0.714561	339.450309	0.012500	4.3
181	-0.847329	338.727561	0.008411	3.5
182	-0.812076	338.008902	0.007271	3.5
183	-1.008383	337.294295	0.006524	4.4
184	-0.862844	336.583703	0.013746	4.6
185	-0.726818	335.877089	0.014873	3.6
186	-1.020885	335.174416	0.006607	3.7
187	-1.020296	334.475651	0.025091	3.3
188	-0.918831	333.780756	0.005262	4.5
189	-0.777012	333.089698	0.009530	4.6
190	-0.968433	332.402443	0.009257	3.7
191	-0.135561	331.718955	0.002394	4.5
192	-1.069035	331.039203	0.019410	5.2
193	-0.916979	330.363153	0.017751	4.3
194	-0.000003	329.690771	0.000001	3.7
195	-0.832027	329.022027	0.012138	4.0
196	-0.907958	328.356888	0.009416	4.2
197	-0.108173	327.695322	0.003037	3.6
198	-0.019111	327.037299	0.001030	3.6
199	-0.999638	326.382787	0.015290	4.2
200	-0.748540	325.731758	0.010512	4.6
201	-1.005963	325.084179	0.022219	3.7
202	-1.115731	324.440023	0.028206	3.2
203	-1.071234	323.799258	0.010441	4.2
204	-0.022374	323.161858	0.003294	4.6
205	-0.387660	322.527792	0.007540	3.6
206	-0.865400	321.897034	0.012239	3.9
207	-1.095750	321.269554	0.014784	4.4
208	-0.668809	320.645325	0.010106	4.7
209	-0.798883	320.024320	0.012334	3.7
210	-1.049134	319.406512	0.038268	3.5
211	-1.067082	318.791875	0.008231	4.0
212	-0.875009	318.180381	0.036960	4.8
213	-0.737484	317.572005	0.019477	3.6
214	-0.393699	316.966721	0.004373	3.7
215	0.000000	316.364504	0.000000	3.9
216	-0.305948	315.765329	0.002817	4.9
217	-0.194556	315.169170	0.004410	3.7
218	-0.458424	314.576003	0.001543	4.0
219	-1.214997	313.985804	0.021962	4.7
220	-1.095006	313.398548	0.015518	4.7
221	-0.911847	312.814213	0.013852	3.7
222	-0.804227	312.232773	0.005770	3.8
223	-1.180362	311.654207	0.015510	4.2
224	-0.810773	311.078491	0.010443	4.5
225	-0.951206	310.505602	0.011129	3.7
226	-1.186312	309.935518	0.036414	3.7
227	-0.253524	309.368217	0.004158	4.3
228	-0.846913	308.803676	0.008924	4.7
229	-0.903184	308.241874	0.005569	4.0
230	-0.903919	307.682789	0.009449	3.7
231	-0.000000	307.126400	0.000000	4.4
232	-1.178775	306.572687	0.022529	4.5
233	-0.594652	306.021627	0.009282	3.9
234	-0.000965	305.473201	0.000248	3.8
235	-0.434207	304.927388	0.005358	4.3
236	-0.907947	304.384168	0.027799	4.1
237	-1.143950	303.843521	0.018449	4.8
238	-0.046910	303.305427	0.003483	3.8
239	-0.768763	302.769867	0.011710	4.2
240	-0.625654	302.236821	0.015387	4.1
241	-0.051242	301.706270	0.003362	4.6
242	-1.074051	301.178196	0.022978	3.7
243	-1.127411	300.652580	0.011718	4.2
244	-1.049864	300.129402	0.030778	4.7
245	-0.933479	299.608645	0.004496	4.2
246	-0.996016	299.090291	0.005310	4.1
247	-1.215633	298.574321	0.005414	4.2
248	-0.619511	298.060718	0.013372	4.3
249	-0.000000	297.549465	0.000000	3.8
250	-1.219084	297.040543	0.011983	3.8
251	-0.744055	296.533936	0.010115	4.3
252	-0.000000	296.029626	0.000000	4.2
253	-1.210042	295.527597	0.011208	3.9
254	-0.167051	295.027832	0.002441	3.6
255	-0.691441	294.530315	0.011412	4.2
256	-1.169531	294.035028	0.012723	4.4
257	-0.935028	293.541956	0.008738	3.7
258	-1.013601	293.051083	0.012664	3.6
259	-1.195850	292.562393	0.014835	4.4
260	0.000000	292.075870	0.000000	4.7
261	-0.985863	291.591498	0.028777	3.9
262	-0.686124	291.109263	0.006288	3.7
263	-1.183332	290.629149	0.010912	4.3
264	-1.067721	290.151140	0.015608	4.6
265	-0.598258	289.675222	0.011773	3.7
266	-1.029779	289.201380	0.012346	3.9
267	-1.162927	288.729600	0.010075	3.8
268	-0.000000	288.259866	0.000000	4.6
269	-1.071250	287.792165	0.015676	3.7
270	-0.000000	287.326481	0.000000	3.9
271	-0.145430	286.862802	0.002410	4.3
272	-0.001050	286.401113	0.000048	4.6
273	-0.693342	285.941400	0.005522	3.8
274	-0.716402	285.483649	0.005070	3.8
275	-1.002625	285.027847	0.011013	4.4
276	-0.873415	284.573981	0.025255	4.8
277	-0.927518	284.122037	0.013043	3.9
278	-0.926810	283.672002	0.014167	3.8
279	-1.072483	283.223863	0.023067	4.7
280	-1.048527	282.777607	0.011775	4.4
281	-0.501037	282.333221	0.004822	3.9
282	-0.590812	281.890692	0.007607	3.8
283	-1.151751	281.450008	0.012140	4.7
284	-1.131797	281.011157	0.012336	4.2
285	-0.866098	280.574125	0.016205	3.8
286	-0.946347	280.138901	0.015088	3.8
287	-0.598404	279.705473	0.007698	4.7
288	-1.016270	279.273829	0.022890	4.2
289	-0.924717	278.843956	0.013473	3.8
290	-1.248442	278.415844	0.019893	3.9
291	-0.603304	277.989479	0.006442	4.1
292	-0.872015	277.564851	0.010245	4.4
293	-0.759857	277.141949	0.019377	4.4
294	-0.940939	276.720761	0.009572	3.7
295	-0.906830	276.301275	0.013523	4.3
296	-0.823975	275.883480	0.004708	4.3
297	-0.722237	275.467366	0.006734	3.9
298	-0.825632	275.052922	0.012069	3.7
299	-1.104250	274.640136	0.012357	4.8
300	-0.004952	274.228998	0.000528	4.5
301	-1.078301	273.819497	0.017179	3.7
302	-0.932238	273.411623	0.007418	4.1
303	-0.419288	273.005365	0.006788	5.0
304	-0.000004	272.600712	0.000002	4.3
305	-0.000001	272.197655	0.000000	3.7
306	-0.459113	271.796184	0.006399	4.2
307	-0.000000	271.396287	0.000000	4.8
308	-0.249763	270.997956	0.004543	3.6
309	-0.000000	270.601180	0.000000	3.7
310	-1.245760	270.205949	0.029600	3.9
311	-0.635512	269.812254	0.009797	5.0
312	-0.719566	269.420085	0.007388	3.8
313	-0.842324	269.029432	0.004414	3.8
314	-0.006032	268.640287	0.001753	4.9
315	-0.701111	268.252638	0.009459	4.7
316	-1.006344	267.866478	0.017845	3.8
317	-0.000000	267.481796	0.000000	4.1
318	-0.889861	267.098584	0.020616	4.8
319	-1.042295	266.716833	0.017822	4.4
320	-0.000000	266.336533	0.000000	3.7
321	-0.737318	265.957676	0.011014	3.7
322	-0.723714	265.580253	0.018462	4.5
323	-0.722279	265.204254	0.003510	4.3
324	-1.279113	264.829672	0.017421	3.8
325	-0.847606	264.456497	0.011922	4.2
326	-1.001243	264.084721	0.023880	5.2
327	-0.822870	263.714335	0.039141	3.9
328	-1.120923	263.345332	0.021721	12.3
329	-1.154233	262.977702	0.012635	7.8
330	-1.104292	262.611438	0.013830	7.9
331	-0.861785	262.246531	0.031825	7.8
332	-0.818213	261.882973	0.011021	7.7
333	-1.303130	261.520756	0.012719	7.7
334	-0.885175	261.159871	0.005714	7.7
335	-1.006376	260.800312	0.017684	7.7
336	-1.132027	260.442070	0.011646	7.1
337	-1.278804	260.085137	0.006067	8.2
338	-0.000014	259.729505	0.000006	7.6
339	-0.628876	259.375167	0.004783	7.9
340	-0.778207	259.022116	0.009809	7.4
341	-1.261642	258.670343	0.023981	7.8
342	-0.794320	258.319841	0.011707	7.6
343	-1.106171	257.970602	0.010447	8.0
344	-1.049427	257.622620	0.016027	7.7
345	-1.142884	257.275887	0.012682	7.8
346	-0.900684	256.930396	0.019243	7.7
347	-0.776753	256.586139	0.006587	7.6
348	-0.000000	256.243109	0.000000	7.2
349	-1.017294	255.901300	0.019451	7.4
350	-0.990611	255.560703	0.020074	8.0
351	-0.727595	255.221313	0.008703	7.8
352	-1.134948	254.883122	0.016362	7.5
353	-1.061208	254.546124	0.025258	7.1
354	-1.075246	254.210311	0.013337	8.0
355	-0.832105	253.875677	0.014039	7.2
356	-0.000000	253.542215	0.000000	7.7
357	-0.954381	253.209918	0.012799	7.3
358	-0.477554	252.878781	0.006049	9.0
359	-1.051816	252.548795	0.021956	7.3
360	-0.844764	252.219956	0.008047	8.0
361	-0.067349	251.892255	0.005836	7.4
362	-1.116466	251.565688	0.010138	7.8
363	-0.960183	251.240247	0.009629	7.3
364	-1.269028	250.915926	0.014254	7.6
365	-0.930161	250.592720	0.009939	7.7
366	-1.058588	250.270621	0.024931	7.5
367	-1.310038	249.949624	0.013223	7.7
368	-1.094339	249.629723	0.015023	7.3
369	-1.255021	249.310911	0.030785	13.8
370	-1.085171	248.993182	0.007619	8.7
371	-1.104002	248.676531	0.009028	8.4
372	-0.000000	248.360952	0.000000	7.2
373	-0.023732	248.046438	0.002287	7.7
374	-1.228089	247.732984	0.058661	7.7
375	-1.140486	247.420584	0.027123	7.8
376	-0.759423	247.109233	0.013984	7.3
377	-0.000000	246.798924	0.000000	7.5
378	-0.000000	246.489652	0.000000	7.4
379	-0.508465	246.181412	0.002705	7.6
380	-1.138337	245.874197	0.028732	7.5
381	-1.158719	245.568002	0.012873	7.8
382	-1.125854	245.262822	0.011183	7.0
383	-1.154443	244.958652	0.025021	9.0
384	-0.438640	244.655485	0.005066	7.5
385	-0.956398	244.353317	0.023165	7.8
386	-0.000000	244.052142	0.000000	7.1
387	-1.023006	243.751955	0.017560	7.4
388	-0.000000	243.452750	0.000000	7.1
389	-0.093656	243.154523	0.004944	8.1
390	-0.897586	242.857268	0.008582	7.1
391	-0.845395	242.560980	0.015351	7.5
392	-0.475576	242.265654	0.010147	7.9
393	-0.944598	241.971285	0.014504	8.9
394	-1.076275	241.677868	0.011151	8.1
395	-0.773266	241.385397	0.015697	8.6
396	-0.822049	241.093869	0.006099	8.2
397	-0.000000	240.803278	0.000000	8.1
398	-1.120541	240.513619	0.007702	7.7
399	-0.737892	240.224887	0.008158	7.5
400	-1.013279	239.937077	0.010902	7.8
401	-0.231099	239.650186	0.010683	7.5
402	-1.003347	239.364207	0.014334	8.0
403	-1.170634	239.079136	0.018484	7.7
404	-0.666336	238.794969	0.011621	8.1
405	-0.981580	238.511701	0.008511	8.6
406	-0.787787	238.229327	0.002816	14.9
407	-0.392505	237.947843	0.001157	18.9
408	-0.832172	237.667244	0.005163	18.7
409	-1.099292	237.387526	0.017696	13.4
410	-0.662247	237.108684	0.003990	13.0
411	-1.026327	236.830714	0.008078	10.3
412	-0.000045	236.553610	0.000008	9.9
413	-0.550467	236.277370	0.013708	11.5
414	-0.895232	236.001989	0.008301	9.2
415	-0.000000	235.727461	0.000000	7.9
416	-0.861621	235.453784	0.012711	8.8
417	-0.000000	235.180952	0.000000	7.5
418	-0.041835	234.908962	0.001676	8.1
419	-0.000001	234.637809	0.000001	6.7
420	-0.862219	234.367488	0.017364	7.3
421	-0.903598	234.097997	0.020427	6.7
422	0.000000	233.829331	0.000000	7.2
423	-0.177325	233.561485	0.005077	7.0
424	-0.328863	233.294456	0.003509	6.8
425	-1.027724	233.028239	0.014001	7.1
426	-0.843594	232.762831	0.009549	6.4
427	-0.791187	232.498228	0.004869	6.5
428	-1.340455	232.234425	0.006464	6.5
429	-1.212982	231.971419	0.016422	7.0
430	-0.874239	231.709205	0.005579	6.7
431	-1.184881	231.447781	0.028283	6.4
432	-1.092320	231.187141	0.015267	7.6
433	-0.000000	230.927283	0.000000	6.5
434	-0.964049	230.668202	0.012399	7.1
435	-1.127657	230.409895	0.030967	6.5
436	-1.136758	230.152358	0.011345	6.9
437	-0.895360	229.895587	0.032735	6.2
438	-0.976292	229.639578	0.007779	6.9
439	-0.000000	229.384329	0.000000	6.9
440	-1.097760	229.129834	0.011899	6.6
441	-0.000163	228.876091	0.000062	7.0
442	-1.148309	228.623096	0.019606	6.6
443	-0.968809	228.370846	0.012034	6.9
444	-0.688769	228.119336	0.011097	6.6
445	-0.000000	227.868563	0.000000	11.3
446	-1.209965	227.618525	0.010199	8.9
447	-1.282293	227.369216	0.027897	7.4
448	-0.167196	227.120635	0.003741	7.3
449	-1.118122	226.872777	0.014748	7.5
450	-0.000000	226.625638	0.000000	6.5
451	-0.745593	226.379217	0.026841	7.2
452	-0.120157	226.133509	0.005677	6.7
453	-0.000000	225.888510	0.000000	7.3
454	-0.554926	225.644218	0.005792	7.5
455	-0.915509	225.400630	0.006070	6.5
456	-0.719549	225.157741	0.019246	6.6
457	-0.813183	224.915549	0.008157	9.5
458	-0.000000	224.674051	0.000000	7.0
459	-0.416043	224.433242	0.010057	8.3
460	-0.935357	224.193121	0.024600	7.1
461	-0.940726	223.953684	0.025461	6.9
462	-1.000663	223.714927	0.011953	6.9
463	-1.245313	223.476848	0.024871	7.0
464	-0.814960	223.239444	0.007299	6.5
465	-1.136153	223.002710	0.007880	8.0
466	-1.197782	222.766645	0.008874	6.6
467	-0.783486	222.531245	0.016284	8.7
468	-0.692092	222.296508	0.012221	6.8
469	-1.197521	222.062429	0.004270	7.6
470	-0.342637	221.829007	0.006875	6.9
471	-1.045795	221.596238	0.008414	8.2
472	-1.043102	221.364119	0.006332	6.5
473	-0.800329	221.132647	0.010075	8.8
474	-0.985750	220.901820	0.009141	6.4
475	-1.083140	220.671634	0.011651	7.4
476	-1.125756	220.442086	0.009751	7.2
477	-0.860394	220.213174	0.010922	6.7
478	-0.671862	219.984895	0.008910	7.6
479	-0.776547	219.757246	0.007719	6.6
480	-1.089345	219.530224	0.018457	6.9
481	-1.070179	219.303826	0.023763	6.8
482	-1.289696	219.078050	0.009578	7.8
483	-1.104807	218.852893	0.012642	6.5
484	-1.035229	218.628352	0.003221	7.5
485	-0.774653	218.404424	0.003957	7.1
486	-0.691210	218.181106	0.009174	6.6
487	-0.957658	217.958397	0.010344	6.9
488	-1.019457	217.736292	0.006771	6.7
489	-0.805111	217.514790	0.011493	6.9
490	-0.951152	217.293888	0.022363	7.5
491	-0.238876	217.073584	0.002649	6.6
492	-0.000000	216.853873	0.000000	7.5
493	-1.121463	216.634755	0.028002	6.8
494	-0.606190	216.416227	0.005560	9.9
495	-1.118843	216.198285	0.014435	7.6
496	-0.901139	215.980927	0.007249	7.6
497	-1.181466	215.764151	0.016356	6.5
498	-0.991305	215.547955	0.017921	7.9
499	-0.793839	215.332335	0.011737	6.6
500	-1.119328	215.117289	0.009445	7.2
501	-0.099890	214.902815	0.002938	6.6
502	-0.370959	214.688911	0.007933	7.4
503	-1.098999	214.475573	0.013191	6.5
504	-0.000002	214.262800	0.000001	7.1
505	-1.018355	214.050588	0.009897	7.2
506	-1.105194	213.838936	0.008978	6.4
507	-0.000000	213.627842	0.000000	7.0
508	-0.000000	213.417302	0.000000	7.0
509	-0.780866	213.207314	0.032485	7.6
510	-0.981064	212.997877	0.009481	6.8
511	-0.961068	212.788987	0.008902	7.9
512	-1.140722	212.580642	0.004032	6.6
513	-0.860291	212.372841	0.009918	7.4
514	-0.632385	212.165581	0.006878	7.3
515	-1.051349	211.958859	0.018134	6.9
516	-1.142158	211.752673	0.005209	7.4
517	-0.000244	211.547021	0.000097	7.0
518	-0.770957	211.341902	0.006286	8.0
519	-1.008722	211.137311	0.010768	8.0
520	-0.239862	210.933248	0.005927	7.8
521	-1.014836	210.729710	0.005300	7.3
522	-0.877903	210.526695	0.007939	7.6
523	-0.979486	210.324200	0.004353	7.8
524	-0.965312	210.122224	0.011223	7.2
525	-0.645721	209.920765	0.007619	7.5
526	-1.253659	209.719820	0.003673	6.9
527	-0.637672	209.519387	0.007758	7.5
528	-1.055408	209.319463	0.008716	6.8
529	-1.210158	209.120048	0.012435	8.2
530	-0.955084	208.921139	0.010216	16.4
531	-1.005760	208.722733	0.018846	4.9
532	-0.690390	208.524829	0.014228	5.0
533	-1.070733	208.327425	0.023732	5.6
534	-0.968175	208.130518	0.029157	4.1
535	-0.914249	207.934107	0.007708	3.8
536	-0.867799	207.738189	0.006917	4.3
537	-0.000000	207.542762	0.000000	3.7
538	-1.075217	207.347825	0.033373	3.5
539	-1.165132	207.153376	0.010392	3.6
540	-0.986148	206.959412	0.010502	4.7
541	-1.124914	206.765932	0.009837	4.3
542	-1.089784	206.572933	0.017316	3.6
543	0.000000	206.380414	0.000000	3.8
544	-0.000000	206.188373	0.000000	4.8
545	-1.069582	205.996807	0.007975	3.7
546	-0.691026	205.805716	0.019584	3.5
547	-0.328919	205.615096	0.010118	3.7
548	-0.005942	205.424946	0.001429	5.3
549	-1.244731	205.235265	0.018349	3.9
550	-0.791286	205.046050	0.009719	3.7
551	-0.020135	204.857299	0.002618	3.5
552	-0.804392	204.669011	0.007051	5.4
553	-0.863554	204.481184	0.006890	3.5
554	-1.171186	204.293816	0.009538	3.6
555	-0.489251	204.106905	0.008196	3.5
556	-1.078370	203.920449	0.010103	5.1
557	-0.691820	203.734447	0.004791	4.1
558	-1.041466	203.548896	0.014745	3.5
559	-0.811852	203.363795	0.013720	3.5
560	-1.107570	203.179143	0.014190	5.0
561	-1.004836	202.994937	0.009720	3.8
562	-1.135065	202.811176	0.021008	3.5
563	-0.904086	202.627857	0.029984	3.4
564	-0.000000	202.444980	0.000000	4.0
565	-0.803934	202.262543	0.006996	3.8
566	-0.688077	202.080543	0.006642	4.0
567	-1.230998	201.898979	0.022976	3.5
568	-0.674313	201.717849	0.011516	4.0
569	-0.976322	201.537153	0.010204	3.6
570	-0.750882	201.356887	0.008074	3.9
571	-0.002421	201.177050	0.000621	3.5
572	-0.887309	200.997642	0.010233	3.4
573	-0.517048	200.818659	0.004210	4.1
574	-0.971235	200.640100	0.011396	3.9
575	-1.311210	200.461965	0.010530	3.4
576	-1.077006	200.284250	0.005484	3.3
577	-0.264296	200.106955	0.003893	3.9
578	-0.942958	199.930078	0.017479	4.0
579	-1.152413	199.753617	0.018720	3.3
580	-1.068234	199.577571	0.010125	3.2
581	-0.000000	199.401938	0.000000	3.7
582	-1.193653	199.226717	0.019610	4.8
583	-0.051749	199.051905	0.005738	4.1
584	-1.287100	198.877502	0.008375	3.3
585	-0.000000	198.703506	0.000000	3.5
586	-1.064061	198.529916	0.004494	5.0
587	-0.545250	198.356729	0.005763	3.4
588	-0.979302	198.183944	0.009330	3.2
589	-0.889329	198.011560	0.006991	3.4
590	-1.051296	197.839576	0.015459	5.2
591	-0.648554	197.667989	0.015692	4.0
592	-0.000000	197.496798	0.000000	3.6
593	-1.167352	197.326002	0.007645	3.4
594	-0.935889	197.155600	0.006848	4.6
595	-0.652989	196.985589	0.003596	3.4
596	-1.152772	196.815969	0.013605	3.3
597	-0.153017	196.646738	0.004600	3.3
598	-1.100518	196.477894	0.032820	4.0
599	-1.154876	196.309436	0.005623	4.5
600	-0.677095	196.141363	0.006846	3.5
601	-1.321749	195.973673	0.008824	3.4
602	-0.866533	195.806365	0.012563	4.0
603	-1.134141	195.639437	0.020528	5.3
604	-0.497652	195.472888	0.007362	3.5
605	-0.783708	195.306717	0.013078	3.5
606	-0.893092	195.140922	0.005885	3.7
607	-1.138340	194.975501	0.009947	4.0
608	-0.658841	194.810454	0.006811	3.4
609	-1.201960	194.645779	0.017434	3.3
610	-1.206795	194.481475	0.008030	3.5
611	-0.000000	194.317540	0.000000	3.8
612	-0.987053	194.153973	0.021986	3.4
613	-0.019877	193.990773	0.001811	3.5
614	-0.854554	193.827938	0.005635	3.6
615	-0.901985	193.665467	0.008682	4.0
616	-0.576508	193.503358	0.005773	3.7
617	-0.777346	193.341611	0.004958	3.4
618	-1.324149	193.180224	0.013910	3.4
619	-0.442669	193.019196	0.007006	3.7
620	-1.101686	192.858525	0.009521	4.4
621	-1.046205	192.698210	0.009097	3.3
622	-1.031845	192.538251	0.005172	3.5
623	-0.857776	192.378644	0.011557	3.3
624	-0.882802	192.219391	0.012100	4.1
625	-0.018226	192.060488	0.001038	3.4
626	-0.736983	191.901935	0.015911	3.5
627	-0.888140	191.743730	0.011070	3.5
628	-1.087446	191.585873	0.007867	3.9
629	-1.125576	191.428362	0.009573	3.9
630	-0.997483	191.271196	0.005227	3.5
631	-1.059484	191.114374	0.020859	3.9
632	-0.824499	190.957893	0.008842	3.6
633	-0.792616	190.801755	0.007381	3.5
634	-0.890032	190.645956	0.019057	3.5
635	-0.245401	190.490495	0.010417	4.2
636	-1.118777	190.335373	0.020155	3.3
637	-0.880162	190.180587	0.007558	3.5
638	-0.994657	190.026136	0.004760	3.5
639	-0.029021	189.872019	0.001169	4.0
640	-0.858372	189.718235	0.017552	3.5
641	-0.083863	189.564782	0.006221	3.9
642	-1.132749	189.411661	0.006648	4.4
643	-0.849808	189.258868	0.005051	4.5
644	-0.983576	189.106404	0.014267	3.5
645	-1.200738	188.954267	0.019802	3.5
646	-0.207354	188.802456	0.004225	4.9
647	-0.873853	188.650969	0.013485	3.9
648	-0.927703	188.499807	0.008236	3.4
649	-1.144325	188.348967	0.005373	3.9
650	-0.000000	188.198448	0.000000	4.5
651	-1.110574	188.048250	0.017676	3.4
652	-0.844274	187.898371	0.007295	3.4
653	-0.997472	187.748810	0.013985	3.4
654	-0.000000	187.599566	0.000000	5.3
655	-0.377259	187.450638	0.012634	3.4
656	-0.965957	187.302025	0.021919	3.5
657	-0.908067	187.153725	0.011112	3.4
658	-1.346291	187.005739	0.016839	5.7
659	-0.751972	186.858064	0.017321	3.5
660	-1.002617	186.710699	0.019877	3.5
661	-1.315001	186.563645	0.014769	3.7
662	-0.169143	186.416898	0.004894	5.6
663	-0.926073	186.270459	0.009593	3.5
664	-0.000000	186.124326	0.000000	3.7
665	-1.169156	185.978499	0.006359	3.6
666	-1.165793	185.832976	0.034461	4.8
667	-1.002743	185.687756	0.012478	3.7
668	-0.789896	185.542838	0.010937	3.5
669	-0.984866	185.398222	0.013759	3.7
670	-1.017050	185.253906	0.010557	5.0
671	-0.000019	185.109889	0.000008	3.6
672	-0.957659	184.966170	0.018521	3.6
673	-0.000000	184.822748	0.000000	3.9
674	-0.874055	184.679623	0.004161	4.5
675	-0.386287	184.536792	0.006037	3.7
676	-0.239291	184.394256	0.003676	3.7
677	-0.306544	184.252013	0.006882	3.4
678	-0.728969	184.110062	0.012446	5.0
679	-0.779082	183.968403	0.029494	4.0
680	-0.000000	183.827034	0.000000	3.5
681	-1.030749	183.685954	0.013688	3.7
682	-0.000000	183.545163	0.000000	5.0
683	-0.924822	183.404658	0.005202	3.7
684	-1.261547	183.264441	0.007762	3.5
685	-0.964833	183.124509	0.006708	3.5
686	-1.067541	182.984861	0.010144	4.2
687	-0.265140	182.845497	0.006290	3.8
688	-0.845256	182.706416	0.027036	5.8
689	-0.615946	182.567616	0.014435	3.9
690	-0.720506	182.429098	0.008891	4.3
691	-1.095265	182.290859	0.024732	4.6
692	-0.881661	182.152899	0.019681	3.5
693	-0.000000	182.015217	0.000000	3.5
694	-0.996486	181.877813	0.014779	4.1
695	-0.001360	181.740684	0.000015	4.2
696	-0.000000	181.603832	0.000000	3.2
697	-0.123661	181.467253	0.004703	3.3
698	-0.298996	181.330948	0.005413	3.6
699	-0.641977	181.194916	0.010599	3.9
700	-0.697556	181.059155	0.014278	4.0
701	-0.000000	180.923666	0.000000	3.3
702	-0.813952	180.788446	0.009116	3.6
703	-0.772394	180.653496	0.010546	5.3
704	-1.011885	180.518814	0.005412	3.5
705	-0.988615	180.384399	0.010437	3.2
706	-0.813543	180.250251	0.027231	3.4
707	-0.798578	180.116369	0.005809	4.3
708	-0.100205	179.982752	0.000791	3.4
709	-0.998066	179.849398	0.026526	3.3
710	-0.798844	179.716308	0.006633	3.3
711	-0.802228	179.583480	0.006940	6.8
712	-1.156033	179.450913	0.011851	3.5
713	-0.096947	179.318607	0.003342	3.3
714	0.000000	179.186561	0.000000	3.2
715	-0.610048	179.054774	0.008227	4.3
716	-0.868655	178.923245	0.012476	3.5
717	-1.060110	178.791973	0.013417	3.4
718	-1.120324	178.660958	0.012356	3.3
719	-1.142233	178.530199	0.004862	4.8
720	-0.932989	178.399694	0.011745	3.8
721	-1.000911	178.269444	0.005575	3.3
722	-1.121211	178.139447	0.021474	3.3
723	-0.614870	178.009702	0.003025	3.5
724	-1.290300	177.880209	0.022714	4.1
725	-0.825913	177.750967	0.007421	3.3
726	-0.831552	177.621975	0.010348	3.3
727	-0.000000	177.493232	0.000000	3.4
728	-1.193912	177.364738	0.014958	3.9
729	-1.067820	177.236492	0.008143	3.4
730	-0.997543	177.108492	0.030069	3.5
731	-1.150559	176.980739	0.015096	3.6
732	-0.595631	176.853231	0.010829	3.9
733	-0.000000	176.725968	0.000000	3.9
734	-0.370619	176.598949	0.010958	3.3
735	-0.912903	176.472173	0.008101	3.8
736	-1.058180	176.345639	0.024558	3.5
737	-0.657999	176.219348	0.002077	4.1
738	-1.148750	176.093296	0.016262	3.4
739	-0.753291	175.967486	0.008431	3.5
740	-1.143225	175.841914	0.007171	3.9
741	-1.238445	175.716581	0.023587	4.0
742	-0.913111	175.591486	0.008329	3.5
743	-0.933004	175.466629	0.014935	3.5
744	-1.141824	175.342008	0.017561	3.5
745	-0.805795	175.217622	0.008781	3.8
746	-0.611116	175.093472	0.003418	4.1
747	-0.749795	174.969556	0.010237	3.5
748	-0.988871	174.845873	0.013884	3.6
749	-0.000000	174.722423	0.000000	3.5
750	-0.992657	174.599206	0.008473	4.0
751	-0.946582	174.476220	0.018163	3.5
752	-1.042166	174.353464	0.015661	3.6
753	-0.902274	174.230939	0.018214	3.5
754	-1.104929	174.108643	0.014446	4.0
755	-1.070222	173.986576	0.009561	3.6
756	-0.850375	173.864737	0.017335	3.5
757	-0.905784	173.743124	0.012596	3.5
758	-0.801158	173.621739	0.007758	3.5
759	-0.258645	173.500579	0.002190	3.8
760	-0.979958	173.379645	0.010660	4.0
761	-0.978707	173.258935	0.008120	4.8
762	-1.087143	173.138449	0.009984	3.6
763	-1.204878	173.018186	0.021942	3.4
764	-0.495559	172.898146	0.004474	4.6
765	-0.224687	172.778327	0.005731	3.9
766	-1.100161	172.658730	0.025250	3.4
767	-0.885184	172.539353	0.007704	4.1
768	-0.834075	172.420196	0.004585	3.8
769	-0.746181	172.301258	0.007299	3.5
770	-0.791908	172.182539	0.006092	3.4
771	-0.900936	172.064037	0.005930	4.2
772	-0.724585	171.945753	0.006766	4.3
773	-1.069607	171.827686	0.022672	3.5
774	-1.005085	171.709834	0.016117	3.4
775	-1.246190	171.592198	0.009075	4.1
776	-0.628005	171.474776	0.012070	4.2
777	-1.206590	171.357568	0.017011	3.4
778	-0.608692	171.240574	0.005288	3.4
779	-0.000000	171.123793	0.000000	3.8
780	-1.243870	171.007223	0.015657	4.6
781	-0.739746	170.890865	0.007863	3.5
782	-1.311129	170.774718	0.013210	3.3
783	-1.184464	170.658782	0.023766	3.5
784	-1.103789	170.543055	0.007297	4.7
785	-0.991103	170.427537	0.019007	3.4
786	-0.979392	170.312227	0.004559	3.3
787	-0.969471	170.197125	0.042105	3.4
788	-1.145683	170.082231	0.003694	5.0
789	-1.077218	169.967543	0.019432	3.6
790	-1.151888	169.853061	0.008858	3.6
791	-1.152368	169.738784	0.008284	3.4
792	-0.053466	169.624713	0.002074	5.2
793	-1.137394	169.510845	0.017738	3.6
794	-1.236793	169.397181	0.005097	3.4
795	-1.196110	169.283720	0.023538	3.6
796	-0.910740	169.170462	0.013959	4.9
797	-0.513456	169.057405	0.001321	3.9
798	-0.846019	168.944549	0.003858	3.6
799	-0.948296	168.831895	0.006532	3.5
800	-1.054709	168.719440	0.010181	5.1
801	-1.112120	168.607185	0.028795	3.7
802	-0.000000	168.495129	0.000000	3.5
803	-0.679845	168.383271	0.012349	3.7
804	-0.871918	168.271611	0.010857	5.0
805	-0.000000	168.160148	0.000000	3.7
806	-0.910422	168.048882	0.021607	3.5
807	-0.821552	167.937812	0.006463	3.5
808	-1.051547	167.826938	0.015213	5.0
809	-0.810074	167.716258	0.011995	3.7
810	-0.003059	167.605773	0.000103	3.3
811	-0.783622	167.495482	0.006793	3.5
812	-0.756767	167.385384	0.013109	4.3
813	-1.127713	167.275479	0.013259	4.5
814	-0.273779	167.165766	0.007807	3.6
815	-0.000000	167.056245	0.000000	3.5
816	-0.975902	166.946915	0.013011	3.7
817	-1.258537	166.837776	0.007283	3.4
818	-1.197014	166.728826	0.018139	4.2
819	-0.671277	166.620067	0.007621	3.7
820	-0.000000	166.511496	0.000000	3.4
821	-1.096995	166.403113	0.020805	3.9
822	-0.136670	166.294919	0.002261	3.8
823	-1.022356	166.186912	0.005416	3.5
824	-1.197401	166.079091	0.012811	3.4
825	-1.012312	165.971458	0.008746	3.7
826	-0.836903	165.864009	0.015262	4.1
827	-0.943732	165.756747	0.017237	4.1
828	-1.247205	165.649669	0.012005	3.3
829	-0.889586	165.542775	0.012211	3.7
830	-0.000000	165.436065	0.000000	3.7
831	-0.000000	165.329538	0.000000	4.0
832	-0.003897	165.223194	0.000947	3.3
833	-1.007064	165.117032	0.013832	3.4
834	-0.579303	165.011052	0.006200	3.7
835	-0.000000	164.905253	0.000000	4.0
836	-1.007520	164.799635	0.011162	3.4
837	-0.642369	164.694197	0.011920	3.3
838	-0.000000	164.588939	0.000000	3.6
839	-0.937628	164.483859	0.008854	4.2
840	-0.000000	164.378959	0.000000	3.4
841	-0.997838	164.274237	0.007296	3.4
842	-0.275125	164.169692	0.004101	3.6
843	-0.402902	164.065325	0.009237	4.1
844	-0.000000	163.961135	0.000000	3.4
845	-0.968431	163.857120	0.006845	3.5
846	-0.997549	163.753282	0.016856	3.5
847	-0.927045	163.649619	0.008591	4.4
848	-0.000049	163.546130	0.000019	3.7
849	-1.136781	163.442816	0.010665	3.6
850	0.000000	163.339676	0.000000	3.7
851	-0.940538	163.236709	0.007801	5.0
852	-0.893660	163.133915	0.006628	3.5
853	-0.709258	163.031294	0.004365	3.5
854	-1.023233	162.928844	0.004367	3.5
855	-0.906947	162.826566	0.004504	4.6
856	-1.112267	162.724459	0.018283	3.5
857	-1.307960	162.622523	0.005212	3.3
858	-0.000014	162.520757	0.000006	3.3
859	-1.142782	162.419160	0.010241	3.7
860	-0.984796	162.317733	0.023808	4.0
861	-1.093546	162.216474	0.009131	3.4
862	-1.084152	162.115383	0.010626	3.3
863	-1.043838	162.014461	0.011194	3.5
864	-0.983648	161.913705	0.012730	3.9
865	-0.748312	161.813117	0.010148	3.5
866	-1.233737	161.712695	0.008207	3.6
867	-1.095382	161.612439	0.016746	3.7
868	-0.875694	161.512349	0.014088	3.9
869	-0.638170	161.412424	0.008102	4.1
870	-1.074004	161.312663	0.015575	3.3
871	-1.164209	161.213067	0.019039	3.4
872	-0.931951	161.113635	0.021881	3.6
873	-0.294769	161.014366	0.005567	4.0
874	-0.736783	160.915260	0.006699	3.4
875	-0.000000	160.816316	0.000000	3.6
876	-0.502909	160.717535	0.006386	3.5
877	-0.784698	160.618915	0.017736	4.1
878	-0.775175	160.520456	0.007575	3.5
879	-0.997092	160.422158	0.012917	5.0
880	-0.975076	160.324021	0.014350	3.5
881	-0.831750	160.226043	0.010094	5.5
882	-0.858414	160.128225	0.013263	3.6
883	-0.940690	160.030566	0.011132	3.6
884	-0.552705	159.933066	0.004070	3.6
885	-0.976640	159.835723	0.014403	4.3
886	-0.601330	159.738539	0.007904	3.8
887	-0.731855	159.641512	0.007301	4.2
888	-0.711101	159.544642	0.010529	3.5
889	-0.701350	159.447929	0.002271	3.9
890	-0.931734	159.351372	0.006543	4.0
891	-0.342107	159.254971	0.002657	4.0
892	-1.131196	159.158725	0.006648	3.5
893	-0.845157	159.062634	0.015197	4.0
894	-0.545546	158.966697	0.005605	4.3
895	-0.000001	158.870915	0.000001	3.6
896	-0.253124	158.775286	0.007280	3.3
897	-0.651950	158.679811	0.004696	4.0
898	-1.073664	158.584489	0.025990	6.8
899	-0.999256	158.489319	0.006649	8.0
900	-0.433011	158.394302	0.005102	9.3
901	-0.000000	158.299436	0.000000	6.2
902	-0.174017	158.204721	0.004288	8.0
903	-0.851379	158.110158	0.009098	6.6
904	-0.000000	158.015745	0.000000	7.6
905	-0.879425	157.921482	0.013366	6.9
906	-0.812796	157.827369	0.005112	8.8
907	-0.968635	157.733406	0.012109	6.9
908	-0.942873	157.639591	0.005638	8.0
909	-0.905331	157.545925	0.012891	6.9
910	-0.000000	157.452408	0.000000	8.6
911	-1.130033	157.359038	0.012131	6.6
912	-1.181797	157.265816	0.013577	8.1
913	-1.127732	157.172741	0.017128	7.4
914	-0.951338	157.079813	0.009640	7.6
915	-0.941983	156.987031	0.006084	8.1
916	-0.821120	156.894395	0.008845	7.7
917	-1.131158	156.801904	0.011853	7.7
918	-1.097344	156.709559	0.017432	6.9
919	-1.247953	156.617359	0.010614	8.5
920	-1.022272	156.525304	0.005926	6.9
921	-1.102145	156.433392	0.015246	8.1
922	-1.176603	156.341624	0.027097	8.5
923	-0.819747	156.250000	0.006990	7.6
924	-0.795336	156.158519	0.017935	7.4
925	-1.149313	156.067180	0.010805	7.9
926	-0.793940	155.975984	0.004904	7.2
927	-0.987954	155.884930	0.008582	9.4
928	-0.781792	155.794017	0.019003	7.5
929	-0.951855	155.703246	0.009529	8.6
930	-0.598380	155.612615	0.010875	6.5
931	-0.000000	155.522125	0.000000	8.6
932	-1.022834	155.431775	0.010419	6.5
933	-0.000000	155.341565	0.000000	11.6
934	-0.837191	155.251495	0.007240	7.1
935	-0.983236	155.161563	0.012761	8.0
936	-1.056335	155.071771	0.009325	6.5
937	-0.959732	154.982117	0.004509	7.8
938	-0.585116	154.892601	0.008068	6.7
939	-1.266251	154.803222	0.019772	7.2
940	-0.607383	154.713981	0.012184	8.9
941	-0.872115	154.624878	0.009969	16.8
942	-0.000000	154.535910	0.000000	11.7
943	-0.902627	154.447080	0.015425	9.8
944	-0.466623	154.358385	0.006356	7.6
945	-0.000000	154.269826	0.000000	7.8
946	-1.119381	154.181402	0.012388	7.1
947	-0.697669	154.093114	0.011291	8.0
948	-0.698181	154.004960	0.006330	7.8
949	-1.011343	153.916940	0.006700	7.6
950	-0.195046	153.829054	0.006737	8.0
951	-0.563354	153.741303	0.009053	7.0
952	-1.047603	153.653684	0.013889	7.1
953	-0.000000	153.566198	0.000000	7.4
954	-0.940815	153.478846	0.006970	7.0
955	-0.780746	153.391625	0.006863	6.6
956	-1.135008	153.304537	0.012148	7.2
957	-1.099478	153.217580	0.006708	6.9
958	-0.674511	153.130755	0.008211	6.9
959	-0.008520	153.044061	0.000369	7.3
960	-0.984243	152.957498	0.007581	6.4
961	-0.667056	152.871065	0.011499	6.9
962	-0.000007	152.784762	0.000003	6.7
963	-0.970942	152.698589	0.017222	7.1
964	-0.714209	152.612545	0.012463	6.5
965	-1.194623	152.526631	0.013726	7.8
966	-0.034038	152.440845	0.002320	6.7
967	-0.000000	152.355188	0.000000	6.9
968	-1.100402	152.269660	0.038729	6.4
969	-0.553045	152.184259	0.008599	6.8
970	-0.928308	152.098986	0.009940	6.8
971	-0.957177	152.013840	0.005311	6.6
972	-1.172019	151.928821	0.009042	7.1
973	-1.017898	151.843928	0.015172	6.8
974	-0.837377	151.759163	0.006462	6.8
975	-1.087926	151.674523	0.016165	6.7
976	-1.098146	151.590009	0.012697	7.4
977	-0.757448	151.505620	0.014662	6.9
978	-0.380511	151.421357	0.009712	6.8
979	-1.005822	151.337218	0.009772	6.9
980	-0.273764	151.253204	0.005649	6.5
981	-0.914149	151.169314	0.004628	7.2
982	-0.783242	151.085549	0.005555	6.8
983	-0.891125	151.001907	0.014287	6.6
984	-1.118499	150.918388	0.008583	7.3
985	-1.002400	150.834992	0.027642	6.6
986	-1.147183	150.751719	0.017981	7.5
987	-0.000000	150.668569	0.000000	6.5
988	-0.623688	150.585541	0.010375	7.1
989	-1.246432	150.502634	0.010616	7.0
990	-0.371335	150.419849	0.008986	6.9
991	-1.166942	150.337186	0.004539	7.5
992	-0.953852	150.254644	0.017039	7.8
993	-0.000000	150.172222	0.000000	8.0
994	-1.049677	150.089921	0.005112	8.1
995	-1.058362	150.007740	0.008453	7.8
996	-0.838961	149.925679	0.011369	8.2
997	-1.165745	149.843737	0.006734	8.0
998	-0.000000	149.761915	0.000000	8.1
999	-0.082476	149.680212	0.004846	7.4
1000	-1.113664	149.598627	0.022817	7.8
1001	-0.827284	149.517161	0.031102	7.9
1002	-0.856235	149.435814	0.011458	7.3
1003	-0.733085	149.354584	0.010570	7.5
1004	-0.785738	149.273472	0.013499	7.0
1005	-0.765533	149.192477	0.006533	8.4
1006	-0.953222	149.111599	0.011315	6.8
1007	-0.055686	149.030838	0.003539	7.6
1008	-1.121190	148.950194	0.010171	7.1
1009	-0.856199	148.869666	0.009165	7.7
1010	-0.173818	148.789253	0.002480	7.3
1011	-1.005755	148.708957	0.009730	7.5
1012	-0.930015	148.628776	0.011236	7.4
1013	-1.283403	148.548710	0.012008	7.0
1014	-0.257813	148.468759	0.008641	7.3
1015	-0.000000	148.388923	0.000000	6.7
1016	-1.099140	148.309201	0.022299	7.4
1017	-1.001819	148.229594	0.006653	7.0
1018	-1.023911	148.150100	0.004668	8.6
1019	-0.756841	148.070719	0.005937	6.1
1020	-1.101231	147.991452	0.018683	7.4
1021	-1.201430	147.912298	0.008742	6.5
1022	-0.107489	147.833257	0.005413	7.3
1023	-0.000000	147.754329	0.000000	7.3
1024	-1.176893	147.675512	0.011064	7.6
1025	-0.000000	147.596808	0.000000	7.0
1026	-1.155092	147.518216	0.018272	7.3
1027	-0.739147	147.439735	0.006060	8.1
1028	-0.869181	147.361365	0.007485	6.8
1029	-0.737809	147.283106	0.004019	6.9
1030	-1.097349	147.204958	0.007166	6.6
1031	-1.063085	147.126920	0.015555	6.9
1032	-1.246856	147.048993	0.004937	6.5
1033	-1.201010	146.971175	0.009745	7.0
1034	-0.000000	146.893468	0.000000	7.0
1035	-0.910454	146.815869	0.020027	7.3
1036	-1.026433	146.738380	0.011061	7.2
1037	-0.668029	146.661000	0.008950	6.8
1038	-1.290654	146.583729	0.022339	6.8
1039	-0.979193	146.506566	0.011373	7.2
1040	-0.739847	146.429511	0.013285	6.8
1041	-0.920816	146.352565	0.018220	6.8
1042	-0.772721	146.275726	0.007723	6.9
1043	-0.928098	146.198994	0.018165	7.3
1044	-0.000000	146.122370	0.000000	7.1
1045	-0.842771	146.045853	0.007699	7.1
1046	-1.168131	145.969442	0.008969	7.1
1047	-1.179712	145.893139	0.008815	7.3
1048	-0.000000	145.816941	0.000000	6.9
1049	-1.269389	145.740849	0.034847	6.9
1050	-1.131541	145.664863	0.014555	7.0
1051	-0.920329	145.588983	0.012479	6.4
1052	-1.084161	145.513208	0.010410	9.2
1053	-1.266618	145.437538	0.010786	6.7
1054	-0.000000	145.361973	0.000000	7.4
1055	-0.945417	145.286513	0.040518	6.5
1056	-0.881422	145.211157	0.024696	7.0
1057	-0.000000	145.135905	0.000000	6.8
1058	-1.185459	145.060757	0.014080	7.6
1059	-0.575448	144.985712	0.003156	6.7
1060	-0.000000	144.910771	0.000000	7.6
1061	-1.034676	144.835934	0.006048	7.7
1062	-0.857526	144.761199	0.009204	7.3
1063	-0.000000	144.686567	0.000000	8.7
1064	-0.000921	144.612037	0.000096	9.6
1065	-1.035426	144.537610	0.015762	7.6
1066	-0.486481	144.463285	0.001323	8.9
1067	-0.000133	144.389062	0.000055	7.0
1068	-0.000000	144.314940	0.000000	7.7
1069	-0.000000	144.240920	0.000000	8.3
1070	-0.717307	144.167001	0.010763	7.7
1071	-0.836118	144.093182	0.006189	8.0
1072	-0.400815	144.019465	0.007250	6.9
1073	-0.498313	143.945848	0.009733	8.1
1074	-0.994666	143.872331	0.014003	6.8
1075	-1.081242	143.798914	0.012038	7.3
1076	-1.113822	143.725597	0.006694	6.7
1077	-0.956033	143.652380	0.005551	7.8
1078	-0.976166	143.579262	0.005812	7.4
1079	-0.624617	143.506243	0.006447	8.3
1080	-0.313650	143.433323	0.003583	6.9
1081	-1.288016	143.360502	0.013538	8.6
1082	-0.560561	143.287780	0.008206	6.6
1083	-0.953179	143.215155	0.011640	7.2
1084	-1.020231	143.142629	0.005810	6.9
1085	-1.225669	143.070201	0.005849	6.9
1086	-1.158254	142.997870	0.020766	7.2
1087	-1.020796	142.925637	0.009020	4.5
1088	-0.000000	142.853501	0.000000	5.1
1089	-1.019047	142.781462	0.010554	4.4
1090	-1.094596	142.709519	0.015125	3.9
1091	-0.000000	142.637674	0.000000	3.4
1092	-0.706751	142.565924	0.007488	3.6
1093	-1.009575	142.494271	0.007604	4.0
1094	-0.000050	142.422714	0.000019	3.4
1095	-1.200691	142.351252	0.006653	3.2
1096	-0.919916	142.279886	0.005617	3.2
1097	-0.941983	142.208616	0.022639	3.9
1098	-0.344447	142.137440	0.004312	3.2
1099	-0.657261	142.066360	0.008478	3.4
1100	0.000000	141.995374	0.000000	3.4
1101	-0.923991	141.924483	0.016136	3.6
1102	-0.860914	141.853685	0.011057	4.1
1103	-0.860678	141.782983	0.005559	3.4
1104	-1.106836	141.712373	0.011965	3.5
1105	-1.229756	141.641858	0.008133	3.4
1106	-0.899467	141.571436	0.010143	4.1
1107	-0.985534	141.501108	0.008463	3.5
1108	-0.826379	141.430872	0.005492	3.4
1109	-0.828841	141.360730	0.008660	3.6
1110	-0.818630	141.290680	0.013671	4.1
1111	-0.695004	141.220722	0.014479	3.9
1112	-0.539994	141.150857	0.010273	3.8
1113	-0.198683	141.081084	0.009292	3.8
1114	-0.012532	141.011403	0.001982	4.1
1115	-1.032350	140.941813	0.006211	4.3
1116	-1.036706	140.872315	0.006307	3.7
1117	-1.197798	140.802909	0.014095	3.7
1118	-1.237022	140.733593	0.017245	3.5
1119	-0.850007	140.664369	0.007468	3.3
1120	-1.099150	140.595235	0.012715	3.6
1121	-1.137614	140.526192	0.010478	4.0
1122	-0.898515	140.457239	0.032784	3.5
1123	-1.021969	140.388376	0.010035	3.5
1124	-0.988052	140.319603	0.030563	3.5
1125	-0.000000	140.250920	0.000000	4.5
1126	-1.187802	140.182326	0.024554	3.9
1127	-1.194445	140.113822	0.007988	3.9
1128	-0.704184	140.045407	0.006958	4.1
1129	-0.807773	139.977081	0.008292	4.3
1130	-1.109601	139.908844	0.014804	3.5
1131	-1.124938	139.840696	0.009350	3.5
1132	-0.995093	139.772635	0.012853	4.0
1133	-0.153023	139.704664	0.002949	4.0
1134	-0.850707	139.636780	0.009271	3.4
1135	-0.000000	139.568984	0.000000	3.5
1136	-1.205864	139.501276	0.004406	3.5
1137	-1.076829	139.433655	0.026191	4.1
1138	-0.683963	139.366122	0.005220	3.4
1139	-0.798207	139.298676	0.009488	3.8
1140	-0.766448	139.231317	0.012748	3.9
1141	-1.244009	139.164045	0.031847	4.4
1142	0.000000	139.096859	0.000000	3.7
1143	-0.002347	139.029760	0.000514	3.9
1144	-0.747854	138.962747	0.011330	4.0
1145	-1.006644	138.895820	0.027405	4.2
1146	-0.019778	138.828978	0.002230	3.8
1147	-0.382069	138.762223	0.002422	3.9
1148	0.000000	138.695553	0.000000	4.0
1149	-0.237892	138.628969	0.003856	4.3
1150	-0.622664	138.562469	0.004879	3.4
1151	-0.761222	138.496055	0.004699	3.4
1152	-1.164519	138.429725	0.018456	4.0
1153	-0.758230	138.363481	0.004046	4.3
1154	-0.981220	138.297320	0.010151	3.3
1155	-0.942466	138.231244	0.007398	3.5
1156	-1.156777	138.165252	0.038679	3.5
1157	-1.320730	138.099344	0.021360	3.9
1158	-0.869278	138.033520	0.009556	3.5
1159	-0.994860	137.967779	0.015190	3.5
1160	-1.245889	137.902122	0.016997	3.5
1161	0.000000	137.836548	0.000000	3.7
1162	-1.247333	137.771057	0.020975	3.8
1163	-0.659987	137.705649	0.013336	3.5
1164	-1.060887	137.640324	0.008569	3.5
1165	-0.966246	137.575081	0.008874	3.5
1166	-1.392371	137.509921	0.024904	4.2
1167	-1.252964	137.444842	0.009197	3.5
1168	-0.000000	137.379846	0.000000	3.4
1169	-0.417072	137.314932	0.006409	3.6
1170	-0.819935	137.250100	0.006845	4.2
1171	-0.000000	137.185349	0.000000	3.3
1172	-0.526251	137.120680	0.007237	3.8
1173	-0.000000	137.056092	0.000000	3.6
1174	-0.811141	136.991585	0.024161	3.8
1175	-0.174988	136.927158	0.006517	4.2
1176	-0.426528	136.862813	0.006271	3.5
1177	-0.000002	136.798548	0.000001	3.4
1178	-0.002510	136.734363	0.000717	3.6
1179	-1.191820	136.670259	0.007835	3.9
1180	-0.250079	136.606235	0.004003	3.4
1181	-0.939511	136.542291	0.005955	3.5
1182	-1.049531	136.478426	0.017897	3.5
1183	-0.433420	136.414641	0.008816	3.5
1184	-0.253643	136.350936	0.005161	3.7
1185	-0.000000	136.287310	0.000000	4.3
1186	-0.808370	136.223763	0.011423	3.8
1187	-1.220756	136.160295	0.007788	3.7
1188	-0.885597	136.096905	0.010272	3.7
1189	-1.100197	136.033594	0.014386	4.3
1190	-1.201661	135.970362	0.017021	3.8
1191	-1.081152	135.907208	0.015291	3.6
1192	-1.107933	135.844133	0.028715	3.8
1193	-0.618172	135.781135	0.004581	4.1
1194	-0.910318	135.718215	0.017525	3.8
1195	-1.131809	135.655373	0.011551	3.9
1196	-0.000000	135.592608	0.000000	3.9
1197	-1.088232	135.529921	0.007654	4.2
1198	-0.000000	135.467311	0.000000	3.7
1199	-0.892250	135.404778	0.005973	3.9
1200	-0.675023	135.342322	0.009995	4.0
1201	-0.000000	135.279942	0.000000	4.4
1202	-1.130034	135.217640	0.004523	3.6
1203	-0.948904	135.155413	0.010505	3.5
1204	-0.926412	135.093263	0.009650	4.1
1205	-0.994194	135.031190	0.009760	4.6
1206	-0.733340	134.969192	0.011019	3.5
1207	-0.466079	134.907270	0.012846	3.4
1208	-0.903052	134.845424	0.013519	5.9
1209	-0.574775	134.783653	0.007788	3.5
1210	-0.755866	134.721958	0.003745	3.3
1211	-0.963153	134.660338	0.010926	3.4
1212	-1.139628	134.598793	0.015634	4.5
1213	-0.939607	134.537323	0.007066	3.2
1214	-0.636768	134.475927	0.010420	3.4
1215	-0.826041	134.414607	0.004490	3.3
1216	-0.000000	134.353361	0.000000	3.9
1217	-0.967440	134.292189	0.020190	3.7
1218	-0.782392	134.231092	0.008807	3.3
1219	-1.217490	134.170068	0.017462	3.5
1220	-0.982863	134.109119	0.008569	3.8
1221	-0.883216	134.048243	0.009936	4.1
1222	-1.223003	133.987441	0.008306	3.4
1223	-0.674205	133.926713	0.014330	3.4
1224	-0.000000	133.866057	0.000000	3.5
1225	-1.101612	133.805475	0.008455	3.7
1226	-1.181541	133.744966	0.013553	3.9
1227	-1.035637	133.684530	0.018142	3.4
1228	-0.679251	133.624167	0.006316	3.6
1229	-0.983484	133.563877	0.039129	4.3
1230	-0.454247	133.503658	0.003721	4.1
1231	-1.052928	133.443513	0.007639	3.3
1232	-0.000000	133.383439	0.000000	3.7
1233	-0.784407	133.323437	0.007609	3.4
1234	-1.093798	133.263508	0.006088	4.1
1235	-0.885486	133.203650	0.011546	3.6
1236	-0.429294	133.143864	0.004303	3.4
1237	-0.000000	133.084149	0.000000	3.5
1238	-0.766461	133.024506	0.013651	4.1
1239	-0.793010	132.964934	0.006152	3.9
1240	-1.079732	132.905433	0.019368	3.5
1241	-0.897833	132.846003	0.016949	3.4
1242	-1.115419	132.786643	0.018147	3.5
1243	-0.000000	132.727355	0.000000	3.5
1244	-0.799435	132.668137	0.009673	4.2
1245	-0.814105	132.608989	0.010709	3.9
1246	-0.978513	132.549912	0.006115	3.6
1247	-0.838784	132.490904	0.008531	3.4
1248	0.000000	132.431967	0.000000	4.0
1249	-1.166064	132.373100	0.008056	4.1
1250	-0.000000	132.314302	0.000000	3.4
1251	-1.033607	132.255574	0.005094	3.5
1252	-1.144770	132.196916	0.008390	3.7
1253	-1.110870	132.138326	0.015216	4.0
1254	-1.095436	132.079806	0.014042	3.5
1255	-0.703492	132.021355	0.008103	3.5
1256	-1.069064	131.962973	0.020730	3.5
1257	-0.782276	131.904660	0.007181	4.0
1258	-1.194520	131.846415	0.011115	3.4
1259	-0.360019	131.788239	0.002361	3.5
1260	-1.089081	131.730131	0.009097	3.8
1261	-0.536762	131.672092	0.003848	4.2
1262	-1.115076	131.614121	0.011927	3.6
1263	-1.317300	131.556217	0.008037	3.5
1264	-0.414562	131.498382	0.005049	3.6
1265	-0.428085	131.440614	0.008593	4.2
1266	-1.170140	131.382914	0.017024	3.4
1267	-0.649944	131.325282	0.006176	3.6
1268	-0.927524	131.267717	0.008558	3.4
1269	-0.702700	131.210219	0.012412	4.6
1270	-1.018038	131.152788	0.009708	3.3
1271	-0.774774	131.095424	0.007640	3.4
1272	-1.275625	131.038127	0.034858	3.5
1273	-0.979154	130.980897	0.008092	4.1
1274	-0.000000	130.923733	0.000000	3.4
1275	-0.995040	130.866636	0.006793	3.5
1276	-0.975279	130.809605	0.014511	3.6
1277	-1.172595	130.752641	0.011530	4.3
1278	-1.152701	130.695742	0.009274	3.8
1279	-0.630437	130.638910	0.006030	3.5
1280	-0.909717	130.582143	0.010827	3.5
1281	-0.965515	130.525442	0.008932	3.7
1282	-1.027112	130.468807	0.013571	4.1
1283	-0.668716	130.412237	0.011641	3.3
1284	-1.030907	130.355733	0.009525	3.4
1285	-0.337699	130.299294	0.006053	3.6
1286	-0.852581	130.242920	0.002481	4.1
1287	-1.028314	130.186611	0.005751	3.5
1288	-0.145215	130.130366	0.007760	3.5
1289	-1.012572	130.074187	0.008600	3.9
1290	-1.103561	130.018072	0.008998	4.1
1291	-0.000000	129.962022	0.000000	4.1
1292	-0.685185	129.906036	0.008382	3.5
1293	-1.093983	129.850114	0.004977	3.6
1294	-1.014286	129.794257	0.009184	3.6
1295	-1.111399	129.738463	0.008183	4.2
1296	-0.992195	129.682734	0.004017	3.4
1297	-1.087927	129.627068	0.007139	3.6
1298	-0.974371	129.571466	0.007501	3.4
1299	-0.744253	129.515927	0.005539	4.1
1300	-0.000000	129.460452	0.000000	3.5
1301	-1.193756	129.405040	0.007569	4.1
1302	-0.896019	129.349692	0.006365	3.5
1303	-1.188575	129.294406	0.013512	3.7
1304	-1.105585	129.239183	0.007668	3.7
1305	-0.944832	129.184024	0.017011	4.8
1306	-1.158832	129.128927	0.019467	3.6
1307	-0.392503	129.073892	0.008587	3.7
1308	-0.944396	129.018921	0.016438	3.7
1309	-1.090630	128.964011	0.012569	4.1
1310	-0.745353	128.909164	0.006406	3.7
1311	-0.972897	128.854379	0.010336	3.6
1312	-1.164533	128.799656	0.035454	3.8
1313	-0.944456	128.744995	0.018564	4.0
1314	-0.926882	128.690396	0.023544	3.4
1315	-0.000000	128.635858	0.000000	3.6
1316	-0.443890	128.581382	0.003609	3.7
1317	-1.166107	128.526968	0.004974	4.3
1318	-0.727339	128.472615	0.008301	3.8
1319	-0.949743	128.418323	0.009038	3.7
1320	-1.109792	128.364092	0.011015	3.9
1321	-0.706209	128.309922	0.005406	4.2
1322	-0.118518	128.255814	0.001345	3.6
1323	-1.014793	128.201766	0.010518	3.6
1324	-0.969361	128.147778	0.009278	3.7
1325	-0.000000	128.093852	0.000000	3.9
1326	-0.731167	128.039985	0.003929	3.5
1327	-0.874698	127.986180	0.012376	3.7
1328	-0.864006	127.932434	0.005546	3.7
1329	-1.146762	127.878749	0.028372	4.5
1330	-1.189129	127.825123	0.017130	3.4
1331	-0.909648	127.771558	0.011409	3.7
1332	-0.769766	127.718052	0.010509	3.8
1333	-0.081231	127.664606	0.000789	4.3
1334	-0.775702	127.611220	0.010019	3.7
1335	-0.000000	127.557893	0.000000	3.5
1336	-1.184000	127.504625	0.019752	3.7
1337	-0.849432	127.451417	0.005159	4.1
1338	-0.000000	127.398268	0.000000	3.9
1339	-1.030818	127.345178	0.011661	3.7
1340	-1.112188	127.292147	0.022900	3.6
1341	-0.000000	127.239175	0.000000	4.0
1342	-1.202753	127.186261	0.009001	4.1
1343	-0.906327	127.133407	0.011887	3.6
1344	-0.704069	127.080610	0.008071	3.8
1345	-0.886235	127.027872	0.005965	4.2
1346	-0.287421	126.975193	0.004067	4.1
1347	-1.127885	126.922572	0.019983	3.3
1348	-0.165514	126.870008	0.006725	3.5
1349	-0.667605	126.817503	0.003747	3.5
1350	-0.081269	126.765056	0.002337	4.0
1351	-0.879553	126.712667	0.010319	3.4
1352	-0.775710	126.660335	0.005351	3.4
1353	-0.602173	126.608061	0.008165	3.5
1354	-0.999500	126.555844	0.015608	3.9
1355	-0.975203	126.503685	0.003767	3.9
1356	-0.000000	126.451583	0.000000	3.6
1357	-0.850012	126.399538	0.020074	3.4
1358	-0.906513	126.347550	0.008270	3.4
1359	-0.444401	126.295619	0.004878	3.8
1360	-0.852263	126.243745	0.006200	3.4
1361	-0.445078	126.191928	0.005340	3.6
1362	-1.119528	126.140168	0.005688	3.5
1363	-0.367809	126.088464	0.004714	3.5
1364	-1.226470	126.036817	0.011703	3.7
1365	-0.750347	125.985226	0.007773	4.1
1366	-1.199782	125.933691	0.015775	4.1
1367	-0.000000	125.882212	0.000000	3.6
1368	-1.137461	125.830790	0.008147	3.4
1369	-1.148106	125.779423	0.017511	4.1
1370	-0.799754	125.728113	0.006591	3.4
1371	-1.096697	125.676858	0.008388	3.5
1372	-0.952646	125.625659	0.021781	3.8
1373	-1.162630	125.574515	0.007456	4.3
1374	-0.838047	125.523427	0.008759	3.6
1375	-1.229238	125.472394	0.013431	3.4
1376	-0.638565	125.421417	0.005986	3.6
1377	-0.981385	125.370495	0.013133	4.1
1378	-0.951595	125.319628	0.006731	3.9
1379	-0.785755	125.268815	0.007325	3.8
1380	-0.762211	125.218058	0.022184	3.8
1381	-0.896867	125.167356	0.007967	4.2
1382	-0.678595	125.116708	0.010363	3.8
1383	-1.069840	125.066115	0.014893	3.8
1384	-1.278116	125.015576	0.007798	3.8
1385	-1.243485	124.965092	0.006901	4.3
1386	-0.680970	124.914662	0.007060	3.7
1387	-0.835377	124.864287	0.007764	3.7
1388	-1.057551	124.813965	0.003739	3.7
1389	-1.015880	124.763698	0.024668	4.5
1390	-1.214864	124.713485	0.011080	3.8
1391	-1.139468	124.663325	0.009709	3.7
1392	-0.958959	124.613219	0.007071	3.7
1393	-0.992795	124.563167	0.009973	4.1
1394	-0.210405	124.513168	0.001447	3.6
1395	-1.174339	124.463223	0.012918	3.6
1396	-0.992116	124.413332	0.008291	3.6
1397	-0.000000	124.363493	0.000000	4.5
1398	-0.863304	124.313708	0.008109	3.7
1399	-0.838686	124.263976	0.003877	3.7
1400	-1.219126	124.214297	0.012641	3.6
1401	-1.046460	124.164671	0.015875	4.3
1402	-1.238045	124.115097	0.021030	3.8
1403	-1.001311	124.065577	0.005061	3.7
1404	-0.138677	124.016109	0.007518	3.8
1405	-1.273110	123.966693	0.005671	4.0
1406	-1.116797	123.917330	0.020086	4.3
1407	-0.621822	123.868020	0.008917	3.9
1408	-0.938214	123.818762	0.015360	3.9
1409	-0.706094	123.769556	0.003530	4.1
1410	-0.832736	123.720402	0.014295	4.0
1411	-1.114839	123.671300	0.005166	3.6
1412	-1.086605	123.622250	0.009340	3.7
1413	-0.913527	123.573252	0.009947	3.7
1414	-0.200958	123.524305	0.002978	4.1
1415	-0.229671	123.475411	0.004686	3.4
1416	-1.113061	123.426568	0.008395	3.4
1417	-1.205642	123.377776	0.007673	3.5
1418	-1.002274	123.329036	0.013884	4.0
1419	-1.041715	123.280347	0.006210	3.4
1420	-0.000000	123.231709	0.000000	3.7
1421	-0.977629	123.183122	0.010149	3.6
1422	-0.733196	123.134587	0.028263	4.1
1423	-1.252341	123.086102	0.010639	3.9
1424	-0.778639	123.037669	0.003894	3.7
1425	-0.000000	122.989286	0.000000	3.6
1426	-0.915794	122.940954	0.008421	3.6
1427	-0.767085	122.892672	0.005222	3.4
1428	-0.664199	122.844441	0.006604	4.1
1429	-0.809256	122.796261	0.011713	4.2
1430	-1.147722	122.748130	0.021175	3.6
1431	-0.982620	122.700050	0.007151	3.4
1432	-0.000003	122.652021	0.000001	3.8
1433	-0.785099	122.604041	0.011670	4.2
1434	-0.000000	122.556111	0.000000	3.5
1435	-0.853935	122.508232	0.006361	3.6
1436	-0.984358	122.460402	0.014732	4.3
1437	-1.141001	122.412622	0.007503	3.5
1438	-0.991773	122.364891	0.005674	3.4
1439	-0.160635	122.317210	0.004729	3.7
1440	-0.738604	122.269579	0.014258	4.2
1441	-1.173732	122.221997	0.009939	3.7
1442	-0.838870	122.174465	0.002100	3.7
1443	-1.108137	122.126981	0.021693	3.7
1444	-1.001527	122.079547	0.013428	4.3
1445	-1.208431	122.032162	0.011024	4.0
1446	-0.000000	121.984826	0.000000	3.4
1447	-0.808318	121.937539	0.004741	3.5
1448	-0.000000	121.890301	0.000000	4.1
1449	-0.907391	121.843112	0.006274	3.6
1450	-0.494503	121.795971	0.004552	3.5
1451	-0.880790	121.748879	0.010999	3.6
1452	-0.000000	121.701835	0.000000	4.1
1453	-0.967326	121.654840	0.008157	3.6
1454	-1.107573	121.607893	0.003122	3.7
1455	-0.578361	121.560994	0.010035	3.7
1456	-0.998047	121.514144	0.017174	4.2
1457	-1.140049	121.467342	0.027794	3.7
1458	-0.000000	121.420588	0.000000	3.6
1459	-1.093992	121.373882	0.009906	3.7
1460	-0.128697	121.327223	0.001287	4.1
1461	-0.853596	121.280613	0.007051	3.9
1462	-1.092777	121.234050	0.029746	3.6
1463	-0.054939	121.187535	0.001615	3.7
1464	-0.948992	121.141067	0.008698	4.3
1465	-0.717568	121.094647	0.011296	4.4
1466	-0.000031	121.048274	0.000006	3.3
1467	-1.014663	121.001949	0.006610	3.4
1468	-1.020267	120.955671	0.008936	3.6
1469	-0.791428	120.909440	0.015534	3.9
1470	-0.839715	120.863256	0.005396	3.3
1471	-0.777242	120.817119	0.019070	3.4
1472	-0.000107	120.771029	0.000039	3.5
1473	-0.728787	120.724986	0.007816	3.8
1474	-0.857592	120.678990	0.013836	4.0
1475	-1.180188	120.633040	0.009636	3.5
1476	-0.954282	120.587137	0.011895	3.6
1477	-1.021286	120.541281	0.006240	4.1
1478	-1.045362	120.495471	0.012032	4.0
1479	-1.083664	120.449707	0.009529	3.4
1480	-0.754665	120.403990	0.006797	4.0
1481	-1.211657	120.358319	0.010358	3.5
1482	-1.150973	120.312694	0.007908	4.0
1483	-0.985564	120.267115	0.010775	3.4
1484	-1.115725	120.221582	0.004713	3.5
1485	-1.123316	120.176096	0.007630	3.5
1486	-1.243520	120.130655	0.026009	4.0
1487	-0.813591	120.085260	0.018703	3.9
1488	-0.677443	120.039910	0.012228	4.3
1489	-1.152181	119.994606	0.006036	3.4
1490	-0.770049	119.949348	0.013185	3.6
1491	-0.000000	119.904135	0.000000	3.5
1492	-0.765655	119.858968	0.025416	4.8
1493	-0.361431	119.813846	0.008964	3.5
1494	-1.251839	119.768769	0.012404	3.5
1495	-1.293444	119.723738	0.004481	3.6
1496	-0.000000	119.678752	0.000000	4.0
1497	-0.000000	119.633810	0.000000	3.5
1498	-0.367324	119.588914	0.002680	3.5
1499	-0.005133	119.544062	0.001287	3.7
1500	-0.028054	119.499256	0.002056	4.0
1501	-0.807805	119.454494	0.006444	3.5
1502	-1.056859	119.409777	0.008148	3.5
1503	-0.954082	119.365104	0.015324	3.5
1504	-0.633856	119.320476	0.013449	4.3
1505	-0.000000	119.275893	0.000000	3.5
1506	-0.000000	119.231353	0.000000	3.4
1507	-1.025042	119.186859	0.010551	3.6
1508	-0.127290	119.142408	0.004569	4.4
1509	-0.976995	119.098002	0.019583	3.5
1510	-1.129614	119.053639	0.016477	3.4
1511	-0.899825	119.009321	0.004698	3.8
1512	-0.000000	118.965047	0.000000	4.2
1513	-1.052347	118.920816	0.010396	3.7
1514	-1.102145	118.876630	0.009149	3.7
1515	-0.552063	118.832487	0.002299	3.7
1516	-0.524837	118.788388	0.007423	4.4
1517	-1.151503	118.744332	0.009579	3.6
1518	-1.351706	118.700320	0.008602	3.7
1519	-0.777842	118.656352	0.007242	3.6
1520	-1.072776	118.612427	0.009012	4.1
1521	-0.991186	118.568545	0.010123	4.1
1522	-0.908994	118.524706	0.008663	3.5
1523	0.000000	118.480911	0.000000	3.4
1524	-0.688277	118.437159	0.004414	4.1
1525	-0.641726	118.393450	0.012954	4.2
1526	-1.111530	118.349784	0.014189	3.3
1527	-0.720356	118.306160	0.014529	3.4
1528	-0.772863	118.262580	0.016036	3.6
1529	-0.195792	118.219042	0.010536	4.0
1530	-0.149051	118.175548	0.006863	3.5
1531	-1.170939	118.132095	0.007080	3.6
1532	-1.265060	118.088686	0.009107	3.5
1533	-0.545675	118.045319	0.004493	3.8
1534	-0.735740	118.001994	0.006345	4.0
1535	-0.749791	117.958712	0.009680	3.6
1536	-1.029369	117.915472	0.011541	4.3
1537	-1.265270	117.872274	0.004914	3.6
1538	-1.455694	117.829118	0.010335	4.0
1539	-0.773051	117.786005	0.009887	3.7
1540	-0.901322	117.742933	0.014402	3.5
1541	0.000000	117.699904	0.000000	3.3
1542	-0.000000	117.656916	0.000000	3.5
1543	-0.683428	117.613971	0.010049	3.6
1544	-0.948579	117.571067	0.010147	4.0
1545	-0.852142	117.528205	0.006974	3.5
1546	-0.803230	117.485384	0.006682	3.6
1547	-0.605702	117.442605	0.011646	3.6
1548	-1.199613	117.399867	0.009499	4.3
1549	-0.604300	117.357171	0.003611	3.6
1550	-1.151601	117.314517	0.008652	3.7
1551	-1.142599	117.271903	0.008055	3.6
1552	-0.739556	117.229331	0.007200	4.4
1553	-0.000000	117.186800	0.000000	3.5
1554	-0.624494	117.144311	0.003438	3.6
1555	-0.786939	117.101862	0.014414	3.6
1556	-1.162332	117.059454	0.014082	4.5
1557	-0.874725	117.017087	0.008337	3.5
1558	-1.023311	116.974762	0.012309	3.5
1559	-1.113871	116.932476	0.005267	3.5
1560	-0.145208	116.890232	0.006197	4.7
1561	-0.999339	116.848028	0.010524	3.4
1562	-0.050621	116.805865	0.004417	3.5
1563	-0.976622	116.763743	0.006495	3.6
1564	-0.944942	116.721661	0.003390	5.2
1565	-0.831190	116.679619	0.007672	3.5
1566	-0.967099	116.637618	0.011305	3.5
1567	-1.186646	116.595657	0.012319	3.7
1568	-0.817309	116.553736	0.006027	4.2
1569	-1.186429	116.511855	0.018990	3.4
1570	-0.983633	116.470015	0.005636	3.4
1571	-1.247997	116.428214	0.009470	3.8
1572	-0.857181	116.386454	0.007300	4.1
1573	-0.069401	116.344733	0.003044	3.4
1574	-0.413329	116.303052	0.007738	3.5
1575	-0.924705	116.261412	0.004629	3.5
1576	-1.220209	116.219810	0.016595	4.1
1577	-0.000000	116.178249	0.000000	3.5
1578	-1.314690	116.136727	0.007391	3.6
1579	-1.108701	116.095245	0.009006	3.5
1580	-1.150804	116.053802	0.005688	4.3
1581	-0.862967	116.012398	0.006737	4.3
1582	-1.170036	115.971034	0.016163	3.6
1583	-1.106983	115.929710	0.010552	3.4
1584	-0.931798	115.888424	0.009110	3.7
1585	-1.105484	115.847178	0.007893	4.1
1586	-0.981716	115.805970	0.008128	3.4
1587	-0.793345	115.764802	0.004662	3.4
1588	-1.288425	115.723673	0.025252	3.8
1589	-0.990133	115.682583	0.009635	3.9
1590	-1.237392	115.641532	0.012133	3.5
1591	-1.279316	115.600519	0.010899	3.5
1592	-1.048836	115.559546	0.015077	3.8
1593	-1.359090	115.518610	0.012371	4.1
1594	-0.887697	115.477714	0.004795	3.5
1595	-1.239753	115.436856	0.013421	3.4
1596	-0.000000	115.396037	0.000000	3.6
1597	-1.139099	115.355256	0.010578	3.9
1598	-0.000000	115.314514	0.000000	4.2
1599	-0.689905	115.273810	0.004465	3.4
1600	-1.045498	115.233144	0.011904	3.7
1601	-1.153793	115.192517	0.014828	3.5
1602	-0.528736	115.151927	0.004552	4.0
1603	-1.140800	115.111376	0.016360	3.4
1604	-0.770009	115.070863	0.005411	3.6
1605	-1.011772	115.030388	0.011476	3.6
1606	-0.000000	114.989951	0.000000	4.2
1607	-0.000000	114.949551	0.000000	3.7
1608	-0.027975	114.909190	0.000465	3.5
1609	-1.057325	114.868866	0.008169	3.7
1610	-1.103374	114.828580	0.024477	3.6
1611	-0.230118	114.788332	0.007757	3.7
1612	-0.000000	114.748121	0.000000	4.1
1613	-1.235679	114.707948	0.015916	4.1
1614	-0.484858	114.667812	0.004416	3.6
1615	-0.760438	114.627714	0.011479	3.7
1616	-0.772325	114.587653	0.010447	4.8
1617	-0.974373	114.547629	0.011486	4.0
1618	-1.069313	114.507643	0.007139	3.4
1619	-0.807049	114.467693	0.006327	3.4
1620	-0.912040	114.427781	0.012058	4.1
1621	-1.347920	114.387907	0.009602	3.4
1622	-0.156385	114.348069	0.005641	3.3
1623	-0.891005	114.308268	0.012594	3.5
1624	-1.300057	114.268504	0.007251	4.6
1625	-0.889131	114.228777	0.008245	3.4
1626	-0.000000	114.189086	0.000000	3.4
1627	-0.262763	114.149433	0.005873	3.3
1628	-0.816464	114.109816	0.011081	4.1
1629	-1.086559	114.070235	0.009595	3.6
1630	-0.624007	114.030692	0.008167	3.4
1631	-1.106573	113.991185	0.003810	3.4
1632	-1.033276	113.951714	0.007700	3.9
1633	-1.025771	113.912280	0.012326	3.9
1634	-0.000000	113.872882	0.000000	3.4
1635	-0.950831	113.833521	0.008146	3.4
1636	-1.288052	113.794195	0.017585	3.7
1637	-1.108057	113.754906	0.007918	4.1
1638	-0.415129	113.715653	0.009423	3.4
1639	-1.119882	113.676437	0.008797	3.4
1640	-0.967279	113.637256	0.006184	3.6
1641	-1.035645	113.598111	0.008320	3.7
1642	-0.152275	113.559002	0.003355	3.4
1643	-0.950914	113.519929	0.011190	3.5
1644	-0.910657	113.480892	0.011054	3.5
1645	-0.701905	113.441891	0.005993	4.2
1646	-1.107929	113.402925	0.006124	3.9
1647	-0.882288	113.363995	0.007827	3.4
1648	-0.921921	113.325101	0.006391	3.6
1649	-0.706143	113.286242	0.008543	4.5
1650	-0.286118	113.247419	0.004706	4.0
1651	-1.164066	113.208631	0.011096	3.4
1652	-0.726815	113.169879	0.009636	3.6
1653	-0.818575	113.131162	0.004720	3.7
1654	-0.965280	113.092480	0.006702	4.0
1655	-0.000000	113.053833	0.000000	3.8
1656	-0.903827	113.015222	0.008298	3.6
1657	-0.424519	112.976646	0.006246	3.6
1658	-1.176094	112.938105	0.020469	4.1
1659	-0.614160	112.899599	0.007915	3.7
1660	-0.884898	112.861128	0.009029	3.9
1661	-0.740931	112.822692	0.006191	3.7
1662	-0.830287	112.784291	0.005478	4.0
1663	-0.094877	112.745924	0.001389	3.8
1664	-0.862885	112.707593	0.008350	3.7
1665	-0.000004	112.669296	0.000002	3.6
1666	-0.937366	112.631034	0.012739	4.0
1667	-1.321491	112.592806	0.005808	4.1
1668	-0.000000	112.554613	0.000000	3.5
1669	-1.002916	112.516455	0.009535	3.5
1670	-0.755583	112.478331	0.006040	3.5
1671	-1.345863	112.440241	0.016213	3.6
1672	-0.686941	112.402186	0.010627	3.8
1673	-0.000000	112.364165	0.000000	4.7
1674	-1.139554	112.326179	0.017091	3.4
1675	-0.192891	112.288227	0.006910	3.6
1676	-0.654521	112.250309	0.012902	3.6
1677	-1.178751	112.212425	0.005384	4.3
1678	-0.942728	112.174575	0.006469	3.5
1679	-1.205049	112.136759	0.007364	3.6
1680	-0.000000	112.098977	0.000000	3.7
1681	-1.044298	112.061229	0.019657	4.1
1682	-1.033277	112.023515	0.008858	3.4
1683	-0.000000	111.985834	0.000000	3.5
1684	-0.931657	111.948188	0.016601	3.4
1685	-1.199454	111.910575	0.010382	4.3
1686	-0.342413	111.872996	0.003980	3.6
1687	-0.550909	111.835450	0.009230	3.6
1688	-0.972246	111.797939	0.003673	3.6
1689	-0.000000	111.760460	0.000000	4.0
1690	-0.909459	111.723015	0.010380	3.6
1691	-1.177650	111.685604	0.011341	3.7
1692	-0.000000	111.648226	0.000000	4.0
1693	-1.303249	111.610881	0.005919	4.2
1694	-0.000000	111.573570	0.000000	3.4
1695	-0.591115	111.536292	0.009185	3.6
1696	-0.102610	111.499047	0.001309	3.5
1697	-0.112721	111.461835	0.005482	4.2
1698	-0.981766	111.424656	0.020690	3.4
1699	-0.318300	111.387510	0.004198	3.5
1700	-0.000000	111.350398	0.000000	3.6
1701	-1.168280	111.313318	0.022303	4.6
1702	-0.781687	111.276271	0.002652	3.5
1703	-0.783709	111.239257	0.007324	3.4
1704	-0.818549	111.202276	0.004563	3.6
1705	-1.279926	111.165328	0.007097	4.7
1706	-1.056599	111.128412	0.019715	3.8
1707	-0.890587	111.091529	0.010856	3.5
1708	-0.713245	111.054679	0.006424	3.4
1709	-1.433664	111.017861	0.014557	4.2
1710	-1.112059	110.981076	0.015688	4.2
1711	-1.329149	110.944323	0.016879	4.6
1712	-0.902277	110.907603	0.004996	3.7
1713	-1.121789	110.870915	0.008178	4.2
1714	-1.137784	110.834259	0.021281	5.3
1715	-0.993807	110.797636	0.011179	3.6
1716	-1.155090	110.761045	0.017241	3.9
1717	-0.000000	110.724486	0.000000	4.5
1718	-1.172315	110.687959	0.005926	4.6
1719	-0.656376	110.651465	0.012781	4.3
1720	-0.997620	110.615002	0.019762	3.8
1721	-0.657694	110.578572	0.004044	6.5
1722	-1.077699	110.542173	0.006763	3.7
1723	-0.783132	110.505807	0.008689	3.4
1724	-0.948506	110.469472	0.011615	4.5
1725	-0.741494	110.433169	0.011160	5.0
1726	-1.096331	110.396898	0.011792	3.6
1727	-0.000000	110.360659	0.000000	3.6
1728	-1.269202	110.324451	0.012933	4.4
1729	-1.131454	110.288276	0.013807	3.6
1730	-0.605036	110.252131	0.007467	4.0
1731	-0.689938	110.216019	0.008906	3.5
1732	-1.029171	110.179937	0.016877	4.3
1733	-0.995184	110.143888	0.007262	3.5
1734	-0.919317	110.107869	0.026886	4.1
1735	-0.693118	110.071882	0.008773	3.4
1736	-0.878222	110.035927	0.006684	3.5
1737	-0.066858	110.000003	0.004845	4.0
1738	-0.000000	109.964110	0.000000	3.9
1739	-1.037445	109.928248	0.009452	3.3
1740	-0.784411	109.892417	0.006344	3.3
1741	-0.706640	109.856618	0.013781	4.1
1742	-0.000000	109.820850	0.000000	4.0
1743	-0.000000	109.785112	0.000000	3.3
1744	-0.088760	109.749406	0.006640	3.3
1745	-0.886414	109.713730	0.012234	4.3
1746	-0.160838	109.678086	0.004810	5.2
1747	-1.259463	109.642472	0.016109	3.4
1748	-0.000000	109.606890	0.000000	3.3
1749	-1.343560	109.571337	0.021443	5.5
1750	-0.940395	109.535816	0.009545	4.1
1751	-1.173498	109.500326	0.008788	3.4
1752	-0.006847	109.464866	0.001289	3.3
1753	-0.983003	109.429436	0.007735	5.4
1754	-1.051326	109.394038	0.029612	4.0
1755	-1.124535	109.358669	0.013280	3.5
1756	-0.413237	109.323331	0.002356	3.4
1757	-1.063723	109.288024	0.013083	5.2
1758	-0.947491	109.252747	0.005142	3.5
1759	-0.743707	109.217501	0.010199	3.4
1760	-0.000000	109.182284	0.000000	3.6
1761	-0.580235	109.147098	0.015949	4.9
1762	-0.988080	109.111942	0.007265	4.0
1763	-0.807990	109.076817	0.013430	3.5
1764	-1.163397	109.041721	0.006597	3.6
1765	-0.250499	109.006656	0.004722	4.9
1766	-1.224559	108.971620	0.007707	3.6
1767	-1.138648	108.936615	0.014675	3.4
1768	-0.882988	108.901640	0.012590	3.5
1769	-0.000000	108.866694	0.000000	4.2
1770	-0.886154	108.831779	0.007883	4.5
1771	-1.200544	108.796893	0.013837	3.5
1772	-0.644143	108.762037	0.013232	3.4
1773	-1.221078	108.727211	0.014139	4.0
1774	-0.000000	108.692415	0.000000	4.6
1775	-0.092047	108.657648	0.000546	3.5
1776	-0.917395	108.622911	0.012071	3.7
1777	-0.000003	108.588203	0.000001	3.9
1778	-0.537392	108.553525	0.010188	4.6
1779	-1.315199	108.518877	0.012833	3.6
1780	-1.047846	108.484258	0.010037	3.5
1781	-0.312789	108.449668	0.010472	3.6
1782	-0.947971	108.415108	0.010004	4.8
1783	-0.955173	108.380578	0.010713	3.5
1784	-0.817511	108.346076	0.006426	3.6
1785	-0.782399	108.311604	0.004089	3.4
1786	-1.132135	108.277161	0.012474	3.6
1787	-1.013051	108.242747	0.008930	3.5
1788	-0.867445	108.208363	0.002644	4.3
1789	-0.807342	108.174007	0.007579	3.4
1790	-0.884432	108.139681	0.009295	3.5
1791	-0.826710	108.105383	0.004814	3.5
1792	-1.053492	108.071115	0.009060	4.8
1793	-0.000001	108.036875	0.000001	3.3
1794	-0.288629	108.002665	0.010914	3.4
1795	-0.749519	107.968483	0.004293	3.5
1796	-0.728718	107.934330	0.006979	4.1
1797	-1.054649	107.900206	0.009212	3.3
1798	-1.069193	107.866111	0.011047	3.3
1799	-1.081795	107.832044	0.014555	3.4
1800	-0.000000	107.798007	0.000000	4.2
1801	-1.021112	107.763997	0.011407	3.4
1802	-0.000000	107.730017	0.000000	3.6
1803	-0.937008	107.696065	0.014477	3.5
1804	-0.801494	107.662141	0.011609	4.3
1805	-1.145527	107.628246	0.006646	3.5
1806	-0.534437	107.594379	0.008484	3.6
1807	-0.860819	107.560541	0.004309	3.5
1808	-0.000000	107.526731	0.000000	4.3
1809	-0.751261	107.492949	0.006912	3.6
1810	-0.800418	107.459196	0.008414	3.6
1811	-0.000000	107.425471	0.000000	3.8
1812	-1.015618	107.391774	0.006723	4.6
1813	-1.192621	107.358106	0.008274	3.5
1814	-1.186384	107.324465	0.011531	3.6
1815	-0.000000	107.290853	0.000000	3.6
1816	-0.981013	107.257268	0.006839	4.3
1817	-0.880476	107.223712	0.021842	3.8
1818	-0.732818	107.190184	0.011410	3.5
1819	-0.943246	107.156683	0.012994	3.5
1820	-1.064782	107.123211	0.010896	4.8
1821	-1.178402	107.089766	0.023996	3.9
1822	-1.303970	107.056349	0.027341	3.4
1823	-0.917069	107.022960	0.011035	3.6
1824	-0.811819	106.989599	0.011356	4.6
1825	-1.158841	106.956265	0.025762	4.1
1826	-0.645554	106.922960	0.006921	3.4
1827	-1.168242	106.889681	0.008424	3.5
1828	-1.096019	106.856431	0.008892	3.5
1829	-0.186409	106.823208	0.004470	4.5
1830	-0.000000	106.790012	0.000000	3.4
1831	-0.999840	106.756844	0.014233	3.4
1832	-0.596867	106.723703	0.003533	3.4
1833	-1.238107	106.690590	0.025413	4.7
1834	-1.253849	106.657505	0.007644	3.7
1835	-0.707750	106.624446	0.008336	3.6
1836	-1.237518	106.591415	0.009361	3.4
1837	-0.613707	106.558411	0.013688	4.4
1838	-0.732218	106.525435	0.008335	4.8
1839	-1.079989	106.492485	0.013383	3.7
1840	-0.731010	106.459563	0.006036	3.7
1841	-0.002463	106.426668	0.000458	4.9
1842	-0.601059	106.393800	0.008087	3.8
1843	-0.662500	106.360959	0.006561	4.1
1844	-0.879847	106.328145	0.011544	3.5
1845	-0.422247	106.295358	0.005724	3.6
1846	-0.775452	106.262598	0.009970	3.5
1847	-1.013543	106.229865	0.012862	4.1
1848	-0.901278	106.197158	0.008682	3.3
1849	-0.832325	106.164479	0.005470	3.7
1850	-1.122736	106.131826	0.013106	3.9
1851	-0.942943	106.099201	0.016471	4.0
1852	-1.175171	106.066602	0.024078	3.3
1853	-1.082256	106.034029	0.011348	3.4
1854	-0.910013	106.001483	0.006093	3.5
1855	-0.000000	105.968964	0.000000	3.8
1856	-1.237377	105.936472	0.013632	3.9
1857	-0.484708	105.904006	0.004529	3.4
1858	-0.922815	105.871566	0.011223	3.5
1859	-0.451136	105.839153	0.011384	3.6
1860	-0.783631	105.806767	0.003375	4.1
1861	-1.102926	105.774407	0.006931	3.3
1862	-1.314966	105.742073	0.010836	3.8
1863	-1.125286	105.709766	0.009628	6.6
1864	-1.087738	105.677485	0.013314	7.5
1865	-1.051175	105.645230	0.013546	7.3
1866	-1.198092	105.613001	0.021716	6.0
1867	-0.233568	105.580799	0.003239	4.0
1868	-0.796048	105.548623	0.008537	6.7
1869	-1.012985	105.516473	0.013153	3.7
1870	-0.854053	105.484349	0.009825	3.6
1871	-0.819521	105.452251	0.010098	5.6
1872	-1.019271	105.420179	0.016965	4.4
1873	-0.014101	105.388133	0.000848	3.6
1874	-0.000012	105.356113	0.000005	3.7
1875	-1.340969	105.324119	0.007248	4.4
1876	-0.749762	105.292151	0.004996	3.8
1877	-1.181461	105.260209	0.015386	3.6
1878	-1.064030	105.228293	0.014205	6.8
1879	-0.860569	105.196402	0.010495	7.2
1880	-1.100462	105.164537	0.008426	7.0
1881	-0.899240	105.132698	0.007572	7.2
1882	-0.091408	105.100885	0.001503	6.8
1883	-1.060738	105.069097	0.011476	7.5
1884	-0.700718	105.037335	0.005539	6.8
1885	-1.078017	105.005598	0.005277	7.2
1886	-0.978103	104.973887	0.007200	7.3
1887	-1.174912	104.942202	0.007385	7.1
1888	-1.336536	104.910542	0.019080	8.0
1889	-1.118122	104.878907	0.015768	6.7
1890	-0.000000	104.847298	0.000000	7.2
1891	-1.044185	104.815715	0.013026	6.4
1892	-0.214880	104.784156	0.003645	6.6
1893	-0.000000	104.752623	0.000000	6.8
1894	0.000000	104.721116	0.000000	6.1
1895	-0.818483	104.689633	0.007525	7.6
1896	-0.897734	104.658176	0.007269	6.5
1897	-0.915524	104.626744	0.007641	7.1
1898	-0.000000	104.595337	0.000000	7.4
1899	-0.000250	104.563955	0.000093	6.7
1900	-1.087983	104.532599	0.014947	7.1
1901	-1.037626	104.501267	0.009316	6.5
1902	-0.804462	104.469960	0.009698	7.0
1903	-1.198993	104.438679	0.009143	6.7
1904	-1.035772	104.407422	0.011554	6.8
1905	-1.027580	104.376191	0.006184	6.5
1906	-0.000000	104.344984	0.000000	6.6
1907	-1.051103	104.313802	0.016697	7.1
1908	-1.092311	104.282645	0.011133	6.5
1909	-1.067188	104.251513	0.013718	7.0
1910	-0.936974	104.220405	0.002635	6.4
1911	-0.855271	104.189323	0.007154	7.0
1912	-0.269251	104.158265	0.005602	6.6
1913	-0.852945	104.127231	0.009716	7.2
1914	-0.842434	104.096222	0.004012	6.6
1915	-0.921549	104.065238	0.005252	6.8
1916	-1.158891	104.034279	0.010267	7.0
1917	-0.628170	104.003344	0.006798	6.7
1918	-0.887514	103.972433	0.008136	7.0
1919	-0.341615	103.941547	0.005330	6.7
1920	-0.737860	103.910686	0.010281	7.2
1921	-0.880974	103.879849	0.006816	6.5
1922	-0.960139	103.849036	0.006957	6.9
1923	-0.548470	103.818248	0.007289	7.0
1924	-1.258929	103.787484	0.032583	6.8
1925	-0.593549	103.756744	0.003546	6.7
1926	-1.259712	103.726029	0.007295	6.9
1927	-1.019548	103.695338	0.010537	6.5
1928	-0.821012	103.664671	0.007992	7.5
1929	-0.954529	103.634028	0.019137	6.8
1930	-0.777395	103.603409	0.008704	6.9
1931	-0.142222	103.572814	0.004628	7.1
1932	-0.834404	103.542244	0.007218	6.9
1933	-1.300339	103.511698	0.026268	7.0
1934	-1.035551	103.481175	0.008690	6.7
1935	-0.000000	103.450677	0.000000	7.2
1936	-1.198223	103.420202	0.021018	6.3
1937	-0.793253	103.389752	0.008107	6.7
1938	-1.138601	103.359325	0.014876	6.6
1939	-0.020916	103.328922	0.001120	7.2
1940	-0.860140	103.298543	0.009492	6.5
1941	-0.926915	103.268188	0.008378	6.7
1942	-1.036371	103.237857	0.006934	7.1
1943	-0.169526	103.207549	0.001703	7.4
1944	-0.837714	103.177265	0.010137	8.8
1945	-0.995453	103.147005	0.003511	8.7
1946	-1.180209	103.116768	0.011826	7.5
1947	-1.174904	103.086556	0.004771	7.6
1948	-1.186897	103.056366	0.029549	7.6
1949	-0.757649	103.026200	0.006093	7.4
1950	-0.000000	102.996058	0.000000	7.9
1951	-1.090665	102.965939	0.005908	7.3
1952	-1.023410	102.935844	0.007494	9.3
1953	-0.813187	102.905772	0.005412	8.4
1954	-0.687082	102.875724	0.011254	9.3
1955	-1.012588	102.845699	0.021259	7.9
1956	-0.000002	102.815697	0.000001	7.3
1957	-1.196885	102.785719	0.011124	7.6
1958	-0.905530	102.755764	0.009019	9.3
1959	-0.765972	102.725832	0.013557	10.6
1960	-1.229899	102.695924	0.008224	7.6
1961	-1.123414	102.666038	0.005901	8.8
1962	-0.496332	102.636176	0.009795	7.4
1963	-0.886363	102.606337	0.011189	7.9
1964	-1.059930	102.576521	0.008792	7.2
1965	-0.858093	102.546728	0.008095	10.2
1966	-0.779694	102.516959	0.005236	6.7
1967	-0.851907	102.487212	0.008474	8.0
1968	-1.017539	102.457488	0.008490	6.5
1969	-0.930702	102.427788	0.007586	7.5
1970	-0.892866	102.398110	0.011424	6.8
1971	-1.010943	102.368455	0.018250	6.8
1972	-1.078984	102.338823	0.015282	6.8
1973	-1.213389	102.309214	0.007536	7.0
1974	-0.608506	102.279628	0.004971	7.8
1975	-1.117314	102.250064	0.018670	6.8
1976	-0.000000	102.220524	0.000000	7.0
1977	-1.177457	102.191006	0.010194	6.7
1978	-0.525884	102.161511	0.007158	7.5
1979	-0.852839	102.132038	0.005083	7.5
1980	-0.999552	102.102588	0.012160	8.8
1981	-1.204799	102.073161	0.010286	6.6
1982	-0.001564	102.043757	0.000239	6.5
1983	-0.765398	102.014375	0.010197	6.7
1984	-0.819329	101.985015	0.010707	7.0
1985	-0.865498	101.955678	0.015085	7.8
1986	-0.639338	101.926364	0.005731	7.2
1987	-1.178661	101.897072	0.009749	7.4
1988	-1.088795	101.867802	0.005838	7.3
1989	-1.208032	101.838555	0.009157	6.7
1990	-1.332220	101.809330	0.017838	7.9
1991	-0.000000	101.780128	0.000000	6.8
1992	-0.000000	101.750948	0.000000	7.7
1993	-0.983822	101.721790	0.011898	6.6
1994	-0.871280	101.692654	0.008839	7.4
1995	-0.871861	101.663541	0.009469	7.6
1996	-1.236334	101.634450	0.013315	9.7
1997	-0.859345	101.605381	0.009750	6.7
1998	-0.000000	101.576335	0.000000	8.4
1999	-0.000020	101.547310	0.000009	6.8
