1:ItNr	2:Metric	3:StepSize	4:||Gradient||	Time[ms]
0	-0.788887	627.201626	0.008561	472.3
1	-0.839345	623.504937	0.007921	41.9
2	-0.785076	619.865785	0.007188	32.0
3	-0.742245	616.282728	0.009281	31.8
4	-0.515806	612.754375	0.006637	31.5
5	-0.765783	609.279381	0.007264	28.5
6	-0.304340	605.856447	0.005471	29.6
7	0.000000	602.484317	0.000000	30.0
8	0.000000	599.161779	0.000000	30.8
9	-0.466949	595.887656	0.005535	30.4
10	-0.421730	592.660813	0.005338	29.8
11	-0.213963	589.480151	0.003197	28.4
12	-0.758325	586.344606	0.005996	30.9
13	0.000000	583.253145	0.000000	30.1
14	-0.764661	580.204771	0.006856	30.5
15	-0.904827	577.198517	0.008407	30.0
16	-0.089508	574.233444	0.002423	28.5
17	-0.352131	571.308645	0.004921	29.6
18	-0.786279	568.423237	0.007374	30.0
19	-0.991410	565.576365	0.008994	30.1
20	0.000000	562.767201	0.000000	28.0
21	-0.531449	559.994938	0.007259	30.9
22	-0.566384	557.258797	0.008548	29.8
23	-0.469475	554.558018	0.007493	30.1
24	-0.794210	551.891865	0.009448	30.4
25	-0.479770	549.259621	0.008639	31.2
26	-0.544095	546.660592	0.006613	30.8
27	0.000000	544.094102	0.000000	28.6
28	-0.362815	541.559494	0.005725	29.4
29	-0.307794	539.056129	0.004141	30.6
30	-0.602269	536.583387	0.004830	30.8
31	-0.468680	534.140663	0.005964	35.9
32	0.000000	531.727370	0.000000	34.1
33	-0.810327	529.342935	0.009985	30.3
34	-0.902978	526.986802	0.006827	30.4
35	0.000000	524.658430	0.000000	30.8
36	-0.885636	522.357290	0.007683	30.2
37	-0.884817	520.082868	0.007642	30.4
38	-0.703231	517.834665	0.011141	30.4
39	-0.447404	515.612193	0.006983	30.5
40	-0.588969	513.414976	0.007880	30.8
41	-0.722555	511.242551	0.007467	31.5
42	-0.632750	509.094468	0.007139	30.8
43	-0.605390	506.970285	0.005668	31.7
44	-0.576347	504.869574	0.005974	28.9
45	-0.298773	502.791916	0.004570	31.9
46	0.000000	500.736903	0.000000	33.7
47	-0.000000	498.704137	0.000000	33.2
48	-0.742330	496.693228	0.006824	32.3
49	-0.697472	494.703798	0.009546	32.3
50	0.000000	492.735476	0.000000	32.2
51	-0.654125	490.787900	0.006923	32.9
52	-0.421523	488.860718	0.004687	32.3
53	-0.539586	486.953585	0.006639	31.8
54	-0.773276	485.066164	0.006910	31.7
55	-0.787400	483.198126	0.005198	32.4
56	0.000000	481.349149	0.000000	30.7
57	-0.413832	479.518920	0.004249	31.0
58	-0.084119	477.707132	0.004261	38.9
59	-0.605443	475.913485	0.007611	39.5
60	-0.894994	474.137684	0.009546	32.4
61	0.000000	472.379445	0.000000	35.9
62	-0.376255	470.638485	0.005300	30.1
63	-0.483768	468.914531	0.004565	30.6
64	-0.533996	467.207315	0.005585	27.9
65	-0.532765	465.516573	0.005855	30.2
66	-0.486560	463.842050	0.010549	31.0
67	-0.437419	462.183494	0.005693	28.8
68	-0.757763	460.540658	0.007594	30.1
69	-0.332776	458.913303	0.004017	30.1
70	0.000000	457.301192	0.000000	30.1
71	0.000000	455.704096	0.000000	30.9
72	-0.880369	454.121787	0.008680	31.2
73	-0.395782	452.554045	0.005641	31.7
74	-0.570991	451.000653	0.006372	32.7
75	-0.417388	449.461399	0.008095	37.7
76	-0.748380	447.936075	0.005195	33.0
77	-0.936671	446.424477	0.007130	34.7
78	0.000000	444.926406	0.000000	33.1
79	0.000000	443.441666	0.000000	33.0
80	0.000000	441.970065	0.000000	32.9
81	-0.016354	440.511415	0.002920	30.6
82	-0.572432	439.065533	0.004803	31.1
83	-0.716406	437.632238	0.006054	32.7
84	-0.240547	436.211351	0.003203	30.5
85	-0.139342	434.802701	0.003025	28.3
86	0.000000	433.406117	0.000000	31.1
87	-0.737511	432.021430	0.010437	30.7
88	0.000000	430.648479	0.000000	33.1
89	0.000000	429.287101	0.000000	31.2
90	-0.488098	427.937140	0.005737	31.8
91	-0.732551	426.598440	0.012885	31.8
92	0.000000	425.270849	0.000000	33.6
93	-0.643786	423.954220	0.007656	32.1
94	-0.105926	422.648404	0.001469	29.5
95	-0.511643	421.353259	0.005007	29.1
96	0.000000	420.068643	0.000000	29.7
97	-0.015386	418.794419	0.001719	30.1
98	-0.726299	417.530451	0.007781	31.0
99	-0.886287	416.276604	0.006272	29.9
100	-0.584220	415.032748	0.004995	29.2
101	-0.639389	413.798754	0.008437	29.6
102	-0.683044	412.574495	0.007123	27.8
103	-0.514623	411.359849	0.006164	29.8
104	-0.848284	410.154691	0.005544	31.1
105	0.000000	408.958904	0.000000	30.5
106	-0.795039	407.772368	0.008186	31.5
107	-0.494031	406.594968	0.006535	30.6
108	-0.480043	405.426590	0.005227	30.1
109	-0.793429	404.267122	0.006646	33.1
110	-0.646764	403.116456	0.005125	28.6
111	-0.447898	401.974481	0.005778	30.4
112	-0.440215	400.841093	0.005845	29.9
113	-0.000005	399.716187	0.000006	27.9
114	-0.783939	398.599660	0.006217	29.6
115	-0.627901	397.491411	0.010593	29.7
116	-0.335457	396.391342	0.004496	29.5
117	-0.633114	395.299353	0.006856	28.4
118	-0.444880	394.215350	0.005455	29.1
119	0.000000	393.139238	0.000000	29.6
120	-0.101413	392.070924	0.003203	29.1
121	-0.784672	391.010316	0.007124	29.7
122	-0.458472	389.957325	0.006916	33.4
123	0.000000	388.911862	0.000000	29.9
124	-0.192026	387.873839	0.002895	29.6
125	-0.925035	386.843173	0.009880	29.8
126	0.000000	385.819777	0.000000	30.9
127	-0.935278	384.803569	0.014025	30.2
128	-0.600283	383.794468	0.006782	30.1
129	-0.820413	382.792393	0.006582	29.0
130	-0.883218	381.797264	0.009842	31.0
131	-0.711349	380.809005	0.005866	30.8
132	-0.676919	379.827537	0.005572	31.5
133	-0.000168	378.852786	0.000064	32.9
134	-0.625347	377.884678	0.007972	36.3
135	-0.499790	376.923138	0.005175	36.5
136	-0.777530	375.968095	0.008174	36.3
137	-0.460670	375.019479	0.006676	32.3
138	-0.795448	374.077218	0.008885	38.3
139	-0.717561	373.141244	0.007830	34.4
140	-0.694061	372.211489	0.006379	36.3
141	0.000000	371.287887	0.000000	33.6
142	-0.530441	370.370370	0.005949	34.6
143	-0.589344	369.458876	0.007723	33.7
144	-0.512203	368.553338	0.006510	33.9
145	-0.717025	367.653696	0.005596	35.4
146	-0.649784	366.759885	0.006620	34.2
147	-0.864555	365.871846	0.007206	31.2
148	-0.543911	364.989518	0.005308	35.8
149	-0.788156	364.112841	0.006413	35.3
150	-0.395804	363.241757	0.005615	34.8
151	-0.518362	362.376208	0.004787	33.4
152	-0.731744	361.516137	0.007857	33.8
153	-0.074555	360.661488	0.002727	34.6
154	-0.698763	359.812206	0.006818	36.2
155	-0.740857	358.968236	0.004189	35.1
156	-0.831832	358.129524	0.005898	38.5
157	0.000000	357.296018	0.000000	36.2
158	0.000000	356.467665	0.000000	34.5
159	-0.739090	355.644414	0.006371	33.6
160	-0.901815	354.826213	0.011413	32.3
161	0.000000	354.013012	0.000000	33.3
162	-0.717884	353.204763	0.007463	31.4
163	-0.288026	352.401415	0.003341	31.0
164	0.000000	351.602922	0.000000	30.1
165	-0.781038	350.809235	0.007240	30.1
166	-0.734243	350.020308	0.006412	29.2
167	-0.263468	349.236095	0.004932	29.7
168	-0.799761	348.456550	0.012703	29.0
169	-0.425041	347.681627	0.006540	29.6
170	-0.619211	346.911283	0.008634	29.2
171	-0.027515	346.145474	0.000519	29.6
172	-0.892360	345.384157	0.007695	30.5
173	0.000000	344.627288	0.000000	30.7
174	-0.739148	343.874826	0.006837	29.7
175	0.000000	343.126729	0.000000	30.4
176	-1.001416	342.382957	0.009134	29.8
177	0.000000	341.643469	0.000000	29.2
178	-0.802444	340.908224	0.009282	28.7
179	-0.779136	340.177184	0.006020	28.7
180	-0.947042	339.450309	0.009467	31.3
181	-0.618492	338.727561	0.008739	32.4
182	-0.945005	338.008902	0.005925	37.6
183	0.000000	337.294295	0.000000	38.5
184	-0.476284	336.583703	0.006172	39.9
185	-0.154879	335.877089	0.002617	37.5
186	0.000000	335.174416	0.000000	35.1
187	-0.696798	334.475651	0.008226	35.0
188	-0.929050	333.780756	0.006737	35.8
189	-0.465798	333.089698	0.006958	33.9
190	-0.260175	332.402443	0.004676	35.9
191	-0.641181	331.718955	0.008065	35.1
192	-0.955084	331.039203	0.008355	39.5
193	-0.835633	330.363153	0.005719	37.1
194	-0.608015	329.690771	0.005310	34.9
195	-0.374750	329.022027	0.004976	35.7
196	0.000000	328.356888	0.000000	36.1
197	-0.689563	327.695322	0.005175	36.5
198	-0.724308	327.037299	0.007710	44.2
199	-0.613488	326.382787	0.006944	53.2
200	-0.794181	325.731758	0.006441	31.9
201	0.000000	325.084179	0.000000	29.9
202	-0.383482	324.440023	0.006310	32.1
203	-0.521683	323.799258	0.005446	31.1
204	-0.628787	323.161858	0.005351	38.6
205	-0.389749	322.527792	0.008844	54.5
206	-0.616581	321.897034	0.007772	43.9
207	-0.909316	321.269554	0.010170	31.5
208	-0.382575	320.645325	0.004837	32.8
209	-0.684130	320.024320	0.006635	29.6
210	-0.659159	319.406512	0.005819	28.7
211	-0.082423	318.791875	0.005853	32.2
212	-0.843766	318.180381	0.007780	30.2
213	-0.410634	317.572005	0.003508	28.4
214	-0.924858	316.966721	0.007866	31.0
215	-0.919063	316.364504	0.009131	30.7
216	-0.907588	315.765329	0.010572	32.2
217	-0.116898	315.169170	0.003175	35.9
218	-0.469327	314.576003	0.006899	34.9
219	-0.694235	313.985804	0.006279	35.8
220	-0.683204	313.398548	0.006828	36.4
221	-0.616627	312.814213	0.007749	37.6
222	-0.901986	312.232773	0.011873	33.2
223	-0.750651	311.654207	0.006963	35.7
224	-0.940321	311.078491	0.007479	32.6
225	-0.453046	310.505602	0.005819	29.8
226	-0.000000	309.935518	0.000000	32.0
227	-0.066142	309.368217	0.001991	30.9
228	-0.585439	308.803676	0.005336	30.5
229	-0.443945	308.241874	0.006135	32.5
230	-0.785633	307.682789	0.007193	36.6
231	-0.322310	307.126400	0.004287	47.6
232	-0.643907	306.572687	0.006374	37.6
233	-0.665924	306.021627	0.008482	38.9
234	-0.287884	305.473201	0.004957	33.0
235	-0.540959	304.927388	0.006303	31.3
236	-0.532129	304.384168	0.008154	29.2
237	0.000000	303.843521	0.000000	29.3
238	-0.406210	303.305427	0.006686	29.9
239	-0.720292	302.769867	0.007723	29.9
240	-0.400287	302.236821	0.004011	41.2
241	-0.363875	301.706270	0.006019	35.6
242	-0.289862	301.178196	0.004510	33.3
243	-0.768629	300.652580	0.006038	30.4
244	-0.057567	300.129402	0.000638	30.4
245	-0.240627	299.608645	0.005815	28.7
246	-0.000000	299.090291	0.000000	31.9
247	-0.636504	298.574321	0.007368	31.1
248	-0.553631	298.060718	0.006526	30.5
249	-0.895023	297.549465	0.007047	30.9
250	-0.873927	297.040543	0.006680	30.8
251	-0.425729	296.533936	0.004856	28.4
252	-1.027577	296.029626	0.008959	31.0
253	-0.827924	295.527597	0.005751	30.6
254	-0.891427	295.027832	0.009170	29.6
255	0.000000	294.530315	0.000000	30.0
256	-0.191235	294.035028	0.002779	30.2
257	-0.164657	293.541956	0.004462	29.4
258	-0.870393	293.051083	0.011677	28.8
259	-0.843819	292.562393	0.007014	29.5
260	-0.719399	292.075870	0.008201	29.4
261	-0.604188	291.591498	0.007247	28.4
262	-0.597177	291.109263	0.007941	29.6
263	-0.821623	290.629149	0.008872	29.7
264	-0.693542	290.151140	0.007003	29.3
265	-0.583815	289.675222	0.008813	30.2
266	-0.155344	289.201380	0.005489	30.9
267	-0.530134	288.729600	0.005989	30.5
268	-0.556704	288.259866	0.005743	28.2
269	-0.416535	287.792165	0.004371	31.5
270	0.000000	287.326481	0.000000	30.4
271	0.000000	286.862802	0.000000	30.8
272	-0.527366	286.401113	0.005827	31.0
273	-0.790645	285.941400	0.008647	31.6
274	-0.418409	285.483649	0.005938	32.7
275	-0.617315	285.027847	0.007197	31.5
276	0.000000	284.573981	0.000000	28.8
277	0.000000	284.122037	0.000000	32.0
278	-0.358812	283.672002	0.004107	31.2
279	-0.929686	283.223863	0.007621	30.3
280	-0.825500	282.777607	0.007484	30.9
281	-0.047163	282.333221	0.002017	30.4
282	-0.547283	281.890692	0.005088	28.4
283	-0.621374	281.450008	0.006785	29.7
284	0.000000	281.011157	0.000000	29.7
285	-0.737963	280.574125	0.009344	28.1
286	-0.846706	280.138901	0.006744	29.1
287	0.000000	279.705473	0.000000	31.0
288	-0.610944	279.273829	0.006659	29.4
289	-0.556086	278.843956	0.006053	29.2
290	-0.539945	278.415844	0.003776	31.0
291	-0.741658	277.989479	0.007338	30.8
292	-0.394159	277.564851	0.004549	28.4
293	-0.545280	277.141949	0.005752	30.1
294	-0.824780	276.720761	0.006760	33.9
295	-0.062012	276.301275	0.000956	33.3
296	-1.019916	275.883480	0.008069	31.5
297	0.000000	275.467366	0.000000	32.8
298	0.000000	275.052922	0.000000	31.6
299	-0.711047	274.640136	0.005826	30.6
300	0.000000	274.228998	0.000000	31.0
301	-0.783758	273.819497	0.009855	31.4
302	0.000000	273.411623	0.000000	29.8
303	-0.937449	273.005365	0.008209	30.2
304	-0.798151	272.600712	0.007190	30.0
305	-0.845570	272.197655	0.004901	30.9
306	-0.650760	271.796184	0.007256	29.6
307	-0.408495	271.396287	0.003994	31.5
308	-0.508708	270.997956	0.005027	29.5
309	-0.625701	270.601180	0.010810	28.1
310	-0.671155	270.205949	0.008810	31.1
311	-0.787389	269.812254	0.006991	30.2
312	-0.592144	269.420085	0.004870	30.8
313	0.000000	269.029432	0.000000	29.3
314	-0.822506	268.640287	0.009458	29.3
315	-0.585257	268.252638	0.007112	29.4
316	-0.352232	267.866478	0.004855	29.8
317	0.000000	267.481796	0.000000	29.5
318	-0.910849	267.098584	0.011265	29.2
319	0.000000	266.716833	0.000000	30.8
320	-0.497459	266.336533	0.006383	29.8
321	-0.607541	265.957676	0.009370	30.1
322	-0.822926	265.580253	0.006425	30.1
323	-0.764183	265.204254	0.007204	29.3
324	-0.316159	264.829672	0.004342	30.1
325	-0.391822	264.456497	0.004301	29.0
326	-0.711486	264.084721	0.006883	31.1
327	-0.395373	263.714335	0.005247	30.7
328	-0.400222	263.345332	0.008195	29.5
329	-0.809230	262.977702	0.006094	29.4
330	-0.572184	262.611438	0.007803	30.3
331	-0.397753	262.246531	0.004765	29.5
332	-0.893109	261.882973	0.007827	29.4
333	0.000000	261.520756	0.000000	31.0
334	-0.385814	261.159871	0.005216	30.4
335	-0.205627	260.800312	0.005326	28.8
336	-0.543233	260.442070	0.006004	31.3
337	-0.210829	260.085137	0.005383	30.8
338	-0.743993	259.729505	0.007380	31.2
339	-0.549579	259.375167	0.005996	31.1
340	0.000000	259.022116	0.000000	30.8
341	-0.834307	258.670343	0.009520	30.1
342	0.000000	258.319841	0.000000	30.9
343	-0.815750	257.970602	0.006626	28.7
344	-0.692539	257.622620	0.009832	30.3
345	-0.315309	257.275887	0.003784	31.7
346	-0.899274	256.930396	0.009006	31.3
347	-0.950971	256.586139	0.006807	31.1
348	-0.755900	256.243109	0.004995	29.9
349	-0.585074	255.901300	0.005974	29.2
350	-0.759370	255.560703	0.005831	29.2
351	-0.410693	255.221313	0.004418	29.9
352	-0.667438	254.883122	0.006109	28.7
353	-0.475876	254.546124	0.004106	30.8
354	-0.829438	254.210311	0.006687	29.8
355	-0.874591	253.875677	0.005908	30.2
356	-0.606632	253.542215	0.006769	30.1
357	-0.729247	253.209918	0.006399	30.2
358	-0.541702	252.878781	0.006537	30.2
359	-1.038982	252.548795	0.010162	30.8
360	-0.849932	252.219956	0.007244	28.6
361	-0.898271	251.892255	0.006518	29.7
362	-0.918866	251.565688	0.009354	28.0
363	0.000000	251.240247	0.000000	29.3
364	-0.922428	250.915926	0.007778	28.4
365	-0.422662	250.592720	0.005400	29.6
366	-0.881964	250.270621	0.010257	29.5
367	-0.818223	249.949624	0.006824	29.9
368	-0.666028	249.629723	0.010539	28.8
369	-0.797567	249.310911	0.005898	29.7
370	-0.808763	248.993182	0.007011	30.2
371	0.000000	248.676531	0.000000	30.6
372	-0.472457	248.360952	0.006401	28.4
373	-0.557832	248.046438	0.006178	30.0
374	-0.989088	247.732984	0.008253	28.7
375	-0.853356	247.420584	0.005794	34.7
376	-0.800942	247.109233	0.005254	29.4
377	-0.935023	246.798924	0.006887	29.4
378	-0.793844	246.489652	0.005909	30.0
379	-0.754731	246.181412	0.007466	29.0
380	-0.753678	245.874197	0.005741	30.9
381	0.000000	245.568002	0.000000	29.5
382	-0.111600	245.262822	0.001431	30.2
383	-0.575735	244.958652	0.006232	30.6
384	0.000000	244.655485	0.000000	29.7
385	0.000000	244.353317	0.000000	32.2
386	0.000000	244.052142	0.000000	30.2
387	-0.545373	243.751955	0.005778	30.1
388	-0.907926	243.452750	0.006041	31.6
389	-0.651500	243.154523	0.004527	31.1
390	-0.476911	242.857268	0.006522	31.4
391	-0.888226	242.560980	0.006824	32.1
392	-0.950242	242.265654	0.010571	32.1
393	-0.788074	241.971285	0.006818	31.2
394	-0.626090	241.677868	0.008193	31.0
395	-0.729764	241.385397	0.007748	29.9
396	-0.119886	241.093869	0.003076	29.6
397	-0.697878	240.803278	0.004520	31.3
398	-0.592419	240.513619	0.006874	30.3
399	-0.727234	240.224887	0.006282	28.4
400	-0.908111	239.937077	0.006273	29.1
401	-0.488847	239.650186	0.006190	28.5
402	-0.567906	239.364207	0.006147	29.1
403	-0.631770	239.079136	0.008172	29.8
404	-0.000009	238.794969	0.000001	29.4
405	-0.000000	238.511701	0.000000	30.1
406	-0.653803	238.229327	0.005132	31.1
407	-0.663141	237.947843	0.006986	30.1
408	-0.890062	237.667244	0.006599	31.7
409	0.000000	237.387526	0.000000	30.3
410	0.000000	237.108684	0.000000	29.9
411	-0.741916	236.830714	0.005671	29.9
412	0.000000	236.553610	0.000000	32.2
413	-0.603566	236.277370	0.007155	30.2
414	-0.710080	236.001989	0.008094	30.5
415	-0.995408	235.727461	0.008707	32.0
416	-0.476758	235.453784	0.006389	31.6
417	-0.959140	235.180952	0.009261	32.0
418	-0.541354	234.908962	0.005242	31.9
419	-0.290629	234.637809	0.004530	31.6
420	-0.865234	234.367488	0.011245	31.1
421	-0.839301	234.097997	0.008125	31.2
422	-0.454794	233.829331	0.003828	30.0
423	0.000000	233.561485	0.000000	30.0
424	-0.795331	233.294456	0.006874	31.3
425	-0.627925	233.028239	0.006899	31.4
426	-0.767190	232.762831	0.009109	30.0
427	-0.695554	232.498228	0.007787	29.8
428	-0.117485	232.234425	0.000875	28.7
429	-0.506880	231.971419	0.006441	29.8
430	-0.829382	231.709205	0.005786	28.9
431	-0.606165	231.447781	0.006372	28.4
432	0.000000	231.187141	0.000000	30.2
433	-0.333021	230.927283	0.005216	28.9
434	-0.912896	230.668202	0.008410	30.8
435	-0.812658	230.409895	0.007270	31.3
436	-0.764779	230.152358	0.005673	31.3
437	-0.820734	229.895587	0.009545	31.5
438	-0.956591	229.639578	0.007910	30.9
439	-0.852583	229.384329	0.008243	31.1
440	-0.781794	229.129834	0.006767	30.6
441	0.000000	228.876091	0.000000	32.7
442	-0.862267	228.623096	0.006345	30.1
443	-0.820390	228.370846	0.009047	29.6
444	-0.799852	228.119336	0.007821	29.9
445	0.000000	227.868563	0.000000	30.6
446	-0.587865	227.618525	0.007845	29.3
447	-0.619830	227.369216	0.004810	29.5
448	-0.674142	227.120635	0.005491	29.9
449	0.000000	226.872777	0.000000	28.1
450	-0.976979	226.625638	0.010661	29.9
451	-0.599215	226.379217	0.005619	29.9
452	-0.819579	226.133509	0.008334	30.0
453	-0.691796	225.888510	0.006700	29.7
454	-0.644024	225.644218	0.007064	30.3
455	-0.936065	225.400630	0.007968	30.5
456	-0.610187	225.157741	0.007083	29.1
457	-0.524229	224.915549	0.008882	30.1
458	0.000000	224.674051	0.000000	31.1
459	-0.865331	224.433242	0.005900	35.8
460	-0.071648	224.193121	0.001540	36.8
461	-0.741001	223.953684	0.006764	37.7
462	-0.851307	223.714927	0.006544	33.9
463	-0.737388	223.476848	0.006046	37.0
464	-0.582809	223.239444	0.006932	35.1
465	-0.537593	223.002710	0.007128	32.2
466	-0.575351	222.766645	0.008397	33.8
467	-0.673862	222.531245	0.006098	29.9
468	-0.122939	222.296508	0.006735	32.7
469	-0.807412	222.062429	0.006075	31.5
470	-0.068625	221.829007	0.002015	30.9
471	-0.678339	221.596238	0.006279	31.0
472	-0.272097	221.364119	0.003377	29.5
473	-0.667226	221.132647	0.007333	31.9
474	-0.959892	220.901820	0.007426	31.6
475	-0.983734	220.671634	0.012920	28.7
476	-0.606120	220.442086	0.006821	30.2
477	-0.770684	220.213174	0.004514	31.5
478	-0.362410	219.984895	0.005164	29.6
479	0.000000	219.757246	0.000000	31.4
480	-0.744506	219.530224	0.007423	30.9
481	-0.668546	219.303826	0.005722	30.3
482	0.000000	219.078050	0.000000	30.5
483	-0.063113	218.852893	0.001022	31.1
484	-0.748364	218.628352	0.006800	30.4
485	-0.088938	218.404424	0.002817	30.0
486	-0.617096	218.181106	0.005086	30.1
487	0.000000	217.958397	0.000000	28.1
488	-0.690427	217.736292	0.008621	30.9
489	-0.765042	217.514790	0.005690	31.3
490	-0.833018	217.293888	0.006530	30.5
491	-0.744801	217.073584	0.006484	30.4
492	0.000000	216.853873	0.000000	28.0
493	-0.699767	216.634755	0.005973	30.0
494	-0.793149	216.416227	0.006799	29.6
495	-0.617464	216.198285	0.004696	29.5
496	-0.837308	215.980927	0.005868	29.4
497	-0.467905	215.764151	0.006646	30.3
498	-0.690146	215.547955	0.004725	30.0
499	-0.583203	215.332335	0.007509	30.3
500	-0.674417	215.117289	0.006914	30.5
501	-0.483353	214.902815	0.007610	31.2
502	-0.489721	214.688911	0.003743	30.9
503	-0.734510	214.475573	0.007061	29.3
504	-0.529060	214.262800	0.007177	30.7
505	-0.033912	214.050588	0.004330	31.1
506	-0.890142	213.838936	0.008071	32.8
507	-0.894828	213.627842	0.007693	31.4
508	0.000000	213.417302	0.000000	31.1
509	-0.534092	213.207314	0.005675	31.4
510	-0.525983	212.997877	0.006212	31.9
511	-0.563464	212.788987	0.006132	30.0
512	-0.439694	212.580642	0.005102	31.1
513	-0.326479	212.372841	0.004158	31.5
514	-0.695976	212.165581	0.007060	31.3
515	-0.529707	211.958859	0.007422	29.2
516	-0.721704	211.752673	0.008810	30.8
517	-0.523717	211.547021	0.006328	31.4
518	0.000000	211.341902	0.000000	30.3
519	-0.440971	211.137311	0.005234	28.1
520	-0.568600	210.933248	0.004187	30.3
521	-0.551355	210.729710	0.006289	29.9
522	-0.669468	210.526695	0.006193	29.0
523	-0.537736	210.324200	0.006530	29.5
524	-0.741443	210.122224	0.006331	28.7
525	0.000000	209.920765	0.000000	29.5
526	-0.514876	209.719820	0.010888	30.3
527	0.000000	209.519387	0.000000	30.7
528	0.000000	209.319463	0.000000	30.3
529	-0.826437	209.120048	0.006439	28.7
530	-0.162063	208.921139	0.003680	29.5
531	-0.803774	208.722733	0.005053	29.6
532	-0.577670	208.524829	0.006864	30.3
533	-0.001164	208.327425	0.000473	30.4
534	-1.000655	208.130518	0.008289	29.9
535	-0.505005	207.934107	0.006329	30.1
536	-0.529350	207.738189	0.004220	30.4
537	-0.095858	207.542762	0.000773	31.1
538	-0.910877	207.347825	0.007387	31.6
539	0.000000	207.153376	0.000000	30.4
540	-0.654684	206.959412	0.007637	31.3
541	-0.892027	206.765932	0.009614	30.0
542	-0.456686	206.572933	0.003987	30.8
543	-0.556568	206.380414	0.007809	30.5
544	0.000000	206.188373	0.000000	32.7
545	-0.550159	205.996807	0.007076	32.8
546	-0.573109	205.805716	0.007249	31.3
547	-0.828621	205.615096	0.011910	31.4
548	-0.782632	205.424946	0.008555	30.9
549	-0.547822	205.235265	0.005912	31.2
550	-0.793909	205.046050	0.007687	30.8
551	-0.754867	204.857299	0.008658	30.7
552	-0.442009	204.669011	0.006124	29.5
553	-0.701918	204.481184	0.005934	31.2
554	-0.382343	204.293816	0.004510	30.0
555	-0.626191	204.106905	0.007385	31.3
556	-0.498054	203.920449	0.004504	31.0
557	-0.607230	203.734447	0.007170	29.1
558	-0.334784	203.548896	0.002738	30.0
559	-0.806633	203.363795	0.008053	29.6
560	-0.893206	203.179143	0.008615	29.4
561	-0.756576	202.994937	0.005800	29.1
562	-0.533074	202.811176	0.004687	30.0
563	-0.792356	202.627857	0.007527	29.7
564	-0.712868	202.444980	0.005374	30.6
565	-0.519268	202.262543	0.005813	30.3
566	-0.731870	202.080543	0.007198	30.2
567	-0.693692	201.898979	0.006306	30.0
568	-0.814208	201.717849	0.008411	29.2
569	0.000000	201.537153	0.000000	30.1
570	-0.692950	201.356887	0.007341	29.6
571	-0.821522	201.177050	0.006882	28.3
572	0.000000	200.997642	0.000000	30.8
573	-0.828808	200.818659	0.007000	29.8
574	-0.573357	200.640100	0.005590	49.8
575	-0.539507	200.461965	0.005973	43.3
576	0.000000	200.284250	0.000000	39.3
577	-0.663191	200.106955	0.007220	33.1
578	-0.527437	199.930078	0.005185	45.0
579	-0.723664	199.753617	0.006680	31.2
580	-0.702168	199.577571	0.005266	33.3
581	-0.773857	199.401938	0.008668	34.2
582	-0.827714	199.226717	0.004598	32.8
583	-0.522020	199.051905	0.005947	31.2
584	-0.783432	198.877502	0.006750	31.8
585	0.000000	198.703506	0.000000	31.7
586	-0.619074	198.529916	0.007454	31.3
587	-0.460911	198.356729	0.005636	31.2
588	-0.557892	198.183944	0.006574	28.8
589	0.000000	198.011560	0.000000	29.3
590	-1.018410	197.839576	0.010097	30.7
591	-0.685233	197.667989	0.006453	29.6
592	-0.244636	197.496798	0.003482	30.0
593	-0.779429	197.326002	0.006946	30.4
594	-0.001311	197.155600	0.000089	28.9
595	-0.557575	196.985589	0.005911	30.2
596	-0.799088	196.815969	0.004906	33.4
597	-0.708551	196.646738	0.006573	33.9
598	-0.000000	196.477894	0.000000	33.3
599	0.000000	196.309436	0.000000	31.6
600	-0.813272	196.141363	0.007065	32.8
601	-0.346510	195.973673	0.004904	33.6
602	-0.846729	195.806365	0.009046	47.9
603	-0.935663	195.639437	0.006499	34.4
604	0.000000	195.472888	0.000000	29.2
605	-0.857809	195.306717	0.007260	31.0
606	0.000000	195.140922	0.000000	30.6
607	-0.690867	194.975501	0.006269	28.6
608	-0.562660	194.810454	0.005112	30.6
609	-0.866336	194.645779	0.006483	30.3
610	-0.440857	194.481475	0.005095	30.8
611	-0.666127	194.317540	0.006901	30.2
612	-0.550439	194.153973	0.007840	31.0
613	-0.519512	193.990773	0.006066	29.6
614	0.000000	193.827938	0.000000	28.2
615	0.000000	193.665467	0.000000	29.2
616	-0.509706	193.503358	0.006097	29.8
617	-0.706732	193.341611	0.006529	30.5
618	-0.769021	193.180224	0.007884	31.3
619	0.000000	193.019196	0.000000	30.4
620	-0.000608	192.858525	0.000037	30.1
621	-0.690287	192.698210	0.007606	30.0
622	-0.735033	192.538251	0.006612	30.8
623	-0.608399	192.378644	0.005211	30.7
624	-0.625748	192.219391	0.006459	30.4
625	-0.494378	192.060488	0.005905	29.6
626	-0.454152	191.901935	0.005881	29.4
627	-0.331275	191.743730	0.005268	29.6
628	-0.543818	191.585873	0.006124	30.9
629	-0.613323	191.428362	0.005990	29.3
630	-0.573131	191.271196	0.007502	29.1
631	-0.516781	191.114374	0.005597	28.1
632	-0.863496	190.957893	0.007642	30.6
633	-0.594995	190.801755	0.006806	28.2
634	0.000000	190.645956	0.000000	30.0
635	-0.629866	190.490495	0.006970	33.4
636	-0.560010	190.335373	0.004936	29.0
637	-0.426399	190.180587	0.006206	30.4
638	-0.793482	190.026136	0.010360	30.9
639	-0.700624	189.872019	0.006352	30.3
640	0.000000	189.718235	0.000000	30.6
641	-0.620115	189.564782	0.005392	31.4
642	-0.800067	189.411661	0.005779	29.6
643	-0.823167	189.258868	0.008561	29.7
644	-0.157110	189.106404	0.002657	30.0
645	-0.625329	188.954267	0.006710	28.9
646	0.000000	188.802456	0.000000	31.2
647	-0.820202	188.650969	0.005062	29.6
648	-0.580241	188.499807	0.005240	28.2
649	0.000000	188.348967	0.000000	30.3
650	-0.744132	188.198448	0.006382	29.4
651	-0.952463	188.048250	0.008246	30.3
652	0.000000	187.898371	0.000000	30.7
653	-0.863618	187.748810	0.008209	29.3
654	-0.753182	187.599566	0.006023	29.3
655	-0.000039	187.450638	0.000005	29.0
656	-0.016965	187.302025	0.002892	29.3
657	-0.014366	187.153725	0.001000	28.8
658	-0.765194	187.005739	0.006759	29.4
659	-0.884225	186.858064	0.006338	29.9
660	-0.750965	186.710699	0.006363	30.3
661	0.000000	186.563645	0.000000	30.1
662	-0.039503	186.416898	0.000541	29.9
663	-0.049050	186.270459	0.001260	29.2
664	0.000000	186.124326	0.000000	29.2
665	-0.562032	185.978499	0.006648	28.0
666	-0.488281	185.832976	0.006769	34.6
667	-0.510708	185.687756	0.008034	28.4
668	-0.834500	185.542838	0.008091	28.5
669	-0.718571	185.398222	0.008671	30.5
670	-0.378943	185.253906	0.004755	30.6
671	-0.714333	185.109889	0.007337	29.3
672	-0.914543	184.966170	0.007909	28.4
673	0.000000	184.822748	0.000000	30.9
674	-0.369200	184.679623	0.003307	30.4
675	-0.685414	184.536792	0.006666	30.8
676	-0.657028	184.394256	0.007505	30.5
677	0.000000	184.252013	0.000000	31.7
678	0.000000	184.110062	0.000000	30.4
679	-0.485372	183.968403	0.004198	30.6
680	-0.427250	183.827034	0.006424	28.7
681	-0.497026	183.685954	0.004111	29.8
682	-0.405709	183.545163	0.003459	29.9
683	-0.713114	183.404658	0.007954	28.2
684	-0.522030	183.264441	0.005131	29.5
685	-0.610033	183.124509	0.006389	30.1
686	-0.791260	182.984861	0.006150	30.6
687	-0.534927	182.845497	0.006131	28.8
688	-0.002039	182.706416	0.000221	30.3
689	0.000000	182.567616	0.000000	28.9
690	0.000000	182.429098	0.000000	29.8
691	-0.269825	182.290859	0.005408	30.4
692	-0.678584	182.152899	0.010260	30.4
693	-0.599829	182.015217	0.006018	30.3
694	-0.575710	181.877813	0.006890	30.0
695	-0.019517	181.740684	0.002024	29.1
696	-0.623177	181.603832	0.007404	29.9
697	-0.000011	181.467253	0.000018	29.9
698	-0.746115	181.330948	0.005841	30.6
699	0.000000	181.194916	0.000000	28.8
700	-0.963965	181.059155	0.008781	29.7
701	-0.379794	180.923666	0.004932	29.8
702	-0.871203	180.788446	0.007593	31.6
703	-0.917096	180.653496	0.007506	32.0
704	-0.524171	180.518814	0.006044	31.3
705	-0.973970	180.384399	0.013317	30.9
706	-0.913454	180.250251	0.009438	31.3
707	-0.774324	180.116369	0.008245	30.1
708	-0.164419	179.982752	0.005011	32.1
709	-0.474755	179.849398	0.005391	31.7
710	-0.691909	179.716308	0.006871	30.4
711	-0.942518	179.583480	0.009614	30.8
712	-0.593124	179.450913	0.005177	31.2
713	-0.634702	179.318607	0.005730	31.8
714	-0.815468	179.186561	0.008753	30.3
715	-0.026722	179.054774	0.001151	31.6
716	0.000000	178.923245	0.000000	30.5
717	-0.860355	178.791973	0.006410	36.5
718	-0.718183	178.660958	0.007265	32.2
719	-0.872172	178.530199	0.005014	30.0
720	-0.735082	178.399694	0.006342	30.1
721	-0.980109	178.269444	0.006330	30.5
722	-0.830647	178.139447	0.006839	30.8
723	-0.152728	178.009702	0.002682	29.0
724	-0.861757	177.880209	0.005683	32.1
725	-0.443276	177.750967	0.006332	29.4
726	-0.667688	177.621975	0.006655	30.4
727	-0.071456	177.493232	0.004648	30.2
728	-0.871337	177.364738	0.008211	29.7
729	-0.566686	177.236492	0.005858	31.3
730	-0.525040	177.108492	0.007516	29.2
731	-0.880449	176.980739	0.007652	31.3
732	-0.929793	176.853231	0.006964	30.0
733	-0.745881	176.725968	0.008461	30.7
734	-0.702517	176.598949	0.007642	31.3
735	-0.879433	176.472173	0.007034	32.6
736	0.000000	176.345639	0.000000	30.7
737	0.000000	176.219348	0.000000	30.3
738	-0.751147	176.093296	0.006300	31.3
739	-0.758985	175.967486	0.007441	30.7
740	-0.857175	175.841914	0.006635	30.3
741	-0.432304	175.716581	0.006409	30.7
742	0.000000	175.591486	0.000000	40.9
743	-0.683230	175.466629	0.007690	35.1
744	-0.597560	175.342008	0.007123	33.5
745	-0.808252	175.217622	0.006593	35.1
746	-0.483127	175.093472	0.005819	34.6
747	-0.707394	174.969556	0.007230	34.5
748	-0.572664	174.845873	0.007445	31.4
749	-0.839756	174.722423	0.009427	35.1
750	-0.866273	174.599206	0.006586	33.9
751	-0.084548	174.476220	0.002638	32.1
752	-0.610246	174.353464	0.005135	34.0
753	-0.017803	174.230939	0.001004	35.1
754	-0.489409	174.108643	0.004123	34.8
755	-0.859260	173.986576	0.008658	34.2
756	-0.785277	173.864737	0.006105	33.8
757	-0.492850	173.743124	0.005120	34.9
758	-0.773824	173.621739	0.007252	35.9
759	-0.849547	173.500579	0.006770	34.5
760	-0.574844	173.379645	0.004769	34.9
761	-0.518493	173.258935	0.004376	35.1
762	-0.572416	173.138449	0.005481	35.5
763	-0.685539	173.018186	0.006866	34.1
764	-0.712633	172.898146	0.007415	34.7
765	-0.982535	172.778327	0.007593	35.3
766	-0.746537	172.658730	0.005897	35.0
767	-0.514644	172.539353	0.006676	32.9
768	-1.029104	172.420196	0.006821	33.7
769	0.000000	172.301258	0.000000	35.6
770	-0.727240	172.182539	0.005652	34.2
771	-0.772883	172.064037	0.004318	36.8
772	-0.778870	171.945753	0.008492	34.6
773	0.000000	171.827686	0.000000	34.6
774	-0.814079	171.709834	0.005630	34.2
775	-0.541492	171.592198	0.006935	35.0
776	0.000000	171.474776	0.000000	34.2
777	-0.795803	171.357568	0.007427	33.2
778	-0.521199	171.240574	0.006036	32.9
779	-0.734828	171.123793	0.006275	30.0
780	-0.763101	171.007223	0.006776	29.0
781	-0.775951	170.890865	0.006784	29.4
782	-0.364033	170.774718	0.003785	29.2
783	-0.896423	170.658782	0.007744	29.6
784	-0.551979	170.543055	0.005590	30.1
785	-0.907223	170.427537	0.007059	30.2
786	-0.372865	170.312227	0.004013	29.1
787	-0.817964	170.197125	0.007911	29.5
788	-0.793375	170.082231	0.006509	28.0
789	-0.773704	169.967543	0.005792	29.6
790	-0.748392	169.853061	0.007202	29.5
791	0.000000	169.738784	0.000000	29.7
792	-0.403029	169.624713	0.006561	32.4
793	-0.099700	169.510845	0.002565	35.3
794	-0.934751	169.397181	0.009204	41.7
795	-0.439090	169.283720	0.005084	37.6
796	-0.826785	169.170462	0.006286	36.7
797	-0.871542	169.057405	0.007070	34.3
798	-0.824506	168.944549	0.004449	36.0
799	-0.698842	168.831895	0.011350	35.5
800	-0.599582	168.719440	0.006248	32.4
801	0.000000	168.607185	0.000000	31.6
802	-0.611199	168.495129	0.005102	33.8
803	-0.629873	168.383271	0.006864	32.8
804	-0.635949	168.271611	0.009796	32.3
805	-0.762325	168.160148	0.007022	34.3
806	-0.339368	168.048882	0.004365	34.6
807	-0.831207	167.937812	0.005438	33.9
808	-0.574689	167.826938	0.006519	34.7
809	-0.798048	167.716258	0.006232	33.7
810	-0.884983	167.605773	0.007358	35.9
811	-0.520576	167.495482	0.005703	31.8
812	-0.770397	167.385384	0.006064	28.9
813	-0.255264	167.275479	0.003009	31.2
814	-0.369345	167.165766	0.004303	28.2
815	-0.555080	167.056245	0.007708	29.7
816	0.000000	166.946915	0.000000	29.0
817	0.000000	166.837776	0.000000	30.2
818	-0.632406	166.728826	0.005822	28.3
819	-0.776580	166.620067	0.007455	30.7
820	-0.801323	166.511496	0.005831	30.0
821	-0.822504	166.403113	0.006709	30.5
822	0.000000	166.294919	0.000000	29.9
823	-0.703849	166.186912	0.007719	31.8
824	-0.486396	166.079091	0.007464	31.7
825	-0.793018	165.971458	0.005432	30.3
826	0.000000	165.864009	0.000000	29.3
827	-0.815375	165.756747	0.006812	31.7
828	-0.608241	165.649669	0.005753	31.6
829	-0.894383	165.542775	0.009840	30.9
830	-0.116685	165.436065	0.002286	30.1
831	-0.712609	165.329538	0.007384	30.3
832	-0.328640	165.223194	0.005373	30.4
833	-0.523003	165.117032	0.006069	29.7
834	-0.718945	165.011052	0.007771	30.2
835	-0.774667	164.905253	0.009104	30.1
836	-0.202583	164.799635	0.001820	30.3
837	-0.490323	164.694197	0.005525	32.6
838	-0.633179	164.588939	0.005459	31.9
839	-0.832721	164.483859	0.007011	31.2
840	-0.255007	164.378959	0.003546	31.0
841	-0.510577	164.274237	0.006516	28.8
842	-0.192344	164.169692	0.004050	30.1
843	-0.464266	164.065325	0.005137	30.6
844	-0.565369	163.961135	0.005275	27.9
845	-0.773894	163.857120	0.006472	30.1
846	-0.314892	163.753282	0.004911	28.5
847	-0.834841	163.649619	0.005489	28.7
848	-0.639157	163.546130	0.005066	29.9
849	-0.858021	163.442816	0.009148	29.4
850	-0.692144	163.339676	0.006502	30.5
851	-0.004236	163.236709	0.000353	31.2
852	-0.952486	163.133915	0.007920	31.3
853	0.000000	163.031294	0.000000	31.0
854	-0.845876	162.928844	0.006821	30.9
855	-0.243649	162.826566	0.004916	31.0
856	-0.040604	162.724459	0.002499	30.7
857	-0.038994	162.622523	0.000408	30.3
858	-0.773463	162.520757	0.005814	29.6
859	-0.683904	162.419160	0.004433	31.3
860	-0.774749	162.317733	0.005966	31.7
861	-0.571861	162.216474	0.005692	32.0
862	-0.198272	162.115383	0.005254	31.5
863	-0.812307	162.014461	0.004455	30.7
864	-0.855496	161.913705	0.010048	30.7
865	-0.171464	161.813117	0.004488	28.6
866	0.000000	161.712695	0.000000	30.0
867	-0.694113	161.612439	0.007980	30.2
868	-0.566740	161.512349	0.005928	33.7
869	-0.806015	161.412424	0.009088	35.9
870	0.000000	161.312663	0.000000	33.1
871	0.000000	161.213067	0.000000	61.4
872	-0.526211	161.113635	0.006069	60.0
873	-0.546431	161.014366	0.005759	46.0
874	-0.497977	160.915260	0.008392	34.4
875	-0.058020	160.816316	0.000424	38.5
876	-0.969254	160.717535	0.007254	34.9
877	-0.493866	160.618915	0.005297	35.0
878	-0.020399	160.520456	0.001529	32.7
879	0.000000	160.422158	0.000000	34.1
880	-0.512574	160.324021	0.006042	33.3
881	-0.894010	160.226043	0.006743	33.4
882	-0.435652	160.128225	0.005385	32.9
883	-0.222353	160.030566	0.004340	32.6
884	-0.898666	159.933066	0.009614	33.4
885	0.000000	159.835723	0.000000	32.9
886	0.000000	159.738539	0.000000	33.0
887	-0.658647	159.641512	0.008065	33.0
888	-0.793870	159.544642	0.006617	33.0
889	-0.777830	159.447929	0.005065	34.1
890	-0.816641	159.351372	0.005286	32.8
891	-0.818009	159.254971	0.006366	33.1
892	-0.904751	159.158725	0.008866	32.4
893	-0.608282	159.062634	0.006432	34.1
894	-0.544744	158.966697	0.004773	32.5
895	0.000000	158.870915	0.000000	32.7
896	-0.708095	158.775286	0.007042	32.8
897	-0.000006	158.679811	0.000010	33.3
898	-0.780476	158.584489	0.007097	33.8
899	0.000000	158.489319	0.000000	33.5
900	-0.604180	158.394302	0.005920	32.1
901	-0.978794	158.299436	0.007111	32.6
902	-0.714103	158.204721	0.007925	32.4
903	-0.688807	158.110158	0.007075	33.4
904	-0.875267	158.015745	0.008670	32.1
905	-0.703752	157.921482	0.007053	32.3
906	-0.531668	157.827369	0.004790	32.4
907	-0.050044	157.733406	0.002903	32.8
908	-0.227912	157.639591	0.006063	32.9
909	-0.749702	157.545925	0.006516	33.1
910	-0.548647	157.452408	0.006414	32.9
911	-0.802382	157.359038	0.008272	33.1
912	0.000000	157.265816	0.000000	33.2
913	-0.710425	157.172741	0.006879	32.6
914	-0.663957	157.079813	0.007036	33.3
915	-0.960742	156.987031	0.007680	33.2
916	-0.745718	156.894395	0.006531	32.7
917	-0.507792	156.801904	0.005707	33.1
918	-0.558901	156.709559	0.006131	32.9
919	-0.574154	156.617359	0.005259	33.7
920	0.000000	156.525304	0.000000	33.4
921	-0.614561	156.433392	0.007971	31.9
922	-0.580524	156.341624	0.007429	33.1
923	-0.000016	156.250000	0.000024	32.7
924	-0.125805	156.158519	0.004067	33.6
925	-0.709517	156.067180	0.005120	33.1
926	0.000000	155.975984	0.000000	32.7
927	-0.914502	155.884930	0.009221	32.9
928	-0.050255	155.794017	0.006401	33.0
929	-0.776914	155.703246	0.008036	32.8
930	-0.767027	155.612615	0.007244	34.0
931	-0.604309	155.522125	0.005998	33.2
932	-1.015298	155.431775	0.007739	32.0
933	-0.602387	155.341565	0.006715	32.7
934	0.000000	155.251495	0.000000	33.0
935	-0.637942	155.161563	0.006750	33.2
936	-0.708691	155.071771	0.008762	33.0
937	-0.809484	154.982117	0.006100	32.9
938	-0.633718	154.892601	0.005878	33.9
939	-0.822757	154.803222	0.006329	32.2
940	-0.582847	154.713981	0.006094	33.0
941	-0.711332	154.624878	0.006167	33.0
942	-0.850738	154.535910	0.007498	33.3
943	0.000000	154.447080	0.000000	32.9
944	-0.697088	154.358385	0.005037	33.2
945	-0.673171	154.269826	0.006661	32.9
946	0.000000	154.181402	0.000000	32.6
947	-0.699484	154.093114	0.006120	33.4
948	0.000000	154.004960	0.000000	33.0
949	-0.695523	153.916940	0.004696	32.8
950	-0.073619	153.829054	0.000860	34.5
951	-0.111738	153.741303	0.001759	32.9
952	-0.702192	153.653684	0.004250	32.9
953	-0.739481	153.566198	0.005420	33.1
954	-0.761739	153.478846	0.006777	32.3
955	-0.726181	153.391625	0.008910	32.8
956	0.000000	153.304537	0.000000	33.0
957	-0.141426	153.217580	0.005058	33.0
958	-0.702681	153.130755	0.006521	33.0
959	-0.613731	153.044061	0.006661	33.0
960	0.000000	152.957498	0.000000	33.2
961	-0.631009	152.871065	0.006690	32.3
962	-0.000767	152.784762	0.001651	33.2
963	-0.658633	152.698589	0.005246	33.3
964	-0.794341	152.612545	0.004937	33.1
965	-0.786061	152.526631	0.007515	32.7
966	-0.726123	152.440845	0.007043	33.1
967	-0.847165	152.355188	0.007849	33.1
968	-0.705377	152.269660	0.006982	32.8
969	-0.455157	152.184259	0.005146	34.3
970	-0.406911	152.098986	0.005214	31.6
971	0.000000	152.013840	0.000000	33.2
972	-0.651018	151.928821	0.008122	33.0
973	-0.894245	151.843928	0.007129	33.1
974	-0.807929	151.759163	0.007924	33.1
975	-0.967615	151.674523	0.007273	33.1
976	-0.704532	151.590009	0.007350	32.9
977	-0.584113	151.505620	0.005974	34.0
978	-0.768269	151.421357	0.005965	32.0
979	-0.591000	151.337218	0.006401	32.9
980	-0.769577	151.253204	0.006000	33.5
981	-1.047700	151.169314	0.007992	33.2
982	-0.000000	151.085549	0.000000	32.4
983	-0.744534	151.001907	0.005264	33.2
984	-0.732432	150.918388	0.006365	33.0
985	-0.534328	150.834992	0.005922	34.8
986	-0.600855	150.751719	0.005779	32.7
987	-0.612283	150.668569	0.006396	32.2
988	-0.681661	150.585541	0.007292	32.1
989	-0.548791	150.502634	0.005866	33.6
990	-0.645854	150.419849	0.006878	33.1
991	-0.658389	150.337186	0.005972	32.5
992	-0.638983	150.254644	0.005316	33.1
993	-0.721113	150.172222	0.006855	33.2
994	-0.744657	150.089921	0.006098	32.7
995	0.000000	150.007740	0.000000	33.4
996	-0.827957	149.925679	0.005998	32.9
997	-0.797520	149.843737	0.006372	33.1
998	0.000000	149.761915	0.000000	32.9
999	-0.895957	149.680212	0.008923	33.8
1000	-0.763458	149.598627	0.007730	31.9
1001	-0.865323	149.517161	0.008535	33.0
1002	-0.847808	149.435814	0.010276	33.2
1003	-0.000504	149.354584	0.000784	32.8
1004	-0.705440	149.273472	0.004703	33.2
1005	-0.649369	149.192477	0.006662	33.0
1006	-0.608930	149.111599	0.006938	33.1
1007	-0.554936	149.030838	0.006134	32.9
1008	-0.554317	148.950194	0.006347	34.2
1009	-0.831503	148.869666	0.005776	31.8
1010	-0.931044	148.789253	0.008826	33.4
1011	-0.577287	148.708957	0.005597	34.0
1012	-0.025100	148.628776	0.004014	32.3
1013	-0.966754	148.548710	0.007560	32.4
1014	-0.539547	148.468759	0.007119	33.2
1015	-0.794218	148.388923	0.006434	34.7
1016	-0.368549	148.309201	0.003855	32.6
1017	-0.455503	148.229594	0.008555	33.0
1018	-0.791695	148.150100	0.006243	32.2
1019	0.000000	148.070719	0.000000	32.6
1020	-0.308605	147.991452	0.004353	33.0
1021	-0.677098	147.912298	0.005552	32.9
1022	-0.705010	147.833257	0.006922	33.2
1023	-0.324895	147.754329	0.004250	32.9
1024	-0.006503	147.675512	0.005092	33.2
1025	-0.603993	147.596808	0.005953	33.2
1026	-0.466853	147.518216	0.006656	32.5
1027	-0.817802	147.439735	0.008004	33.2
1028	-0.275452	147.361365	0.005997	32.8
1029	-0.533383	147.283106	0.009464	32.8
1030	-0.657616	147.204958	0.008951	33.0
1031	-0.839359	147.126920	0.012621	34.2
1032	-0.860648	147.048993	0.006524	32.9
1033	-0.759896	146.971175	0.006180	32.4
1034	-0.481330	146.893468	0.004547	33.0
1035	-0.335597	146.815869	0.003022	33.0
1036	0.000000	146.738380	0.000000	32.9
1037	-0.918529	146.661000	0.007056	33.1
1038	0.000000	146.583729	0.000000	33.2
1039	-0.689045	146.506566	0.005959	34.1
1040	0.000000	146.429511	0.000000	32.0
1041	-0.724601	146.352565	0.008336	33.3
1042	-0.522821	146.275726	0.005550	33.1
1043	-0.720856	146.198994	0.006622	32.6
1044	-0.905966	146.122370	0.008501	33.1
1045	0.000000	146.045853	0.000000	33.2
1046	-0.383063	145.969442	0.005171	34.2
1047	-0.997425	145.893139	0.010030	32.2
1048	-0.160489	145.816941	0.002479	32.9
1049	0.000000	145.740849	0.000000	32.8
1050	-0.697399	145.664863	0.007013	33.3
1051	-0.976957	145.588983	0.007383	32.7
1052	-0.895636	145.513208	0.006514	32.8
1053	-0.878478	145.437538	0.006472	33.9
1054	-0.496707	145.361973	0.005884	31.9
1055	-0.220821	145.286513	0.003009	33.5
1056	-0.942389	145.211157	0.007784	32.6
1057	-0.790768	145.135905	0.007485	34.2
1058	-0.698183	145.060757	0.006712	32.3
1059	-0.909439	144.985712	0.005982	32.7
1060	-0.659980	144.910771	0.005256	33.1
1061	-0.471728	144.835934	0.005509	33.0
1062	0.000000	144.761199	0.000000	32.9
1063	-0.000005	144.686567	0.000004	33.1
1064	-0.521059	144.612037	0.005692	33.1
1065	-0.596435	144.537610	0.006914	32.9
1066	-0.024205	144.463285	0.001532	32.8
1067	-0.888043	144.389062	0.007752	33.7
1068	0.000000	144.314940	0.000000	32.7
1069	-0.862870	144.240920	0.007951	32.9
1070	-0.824784	144.167001	0.007814	34.4
1071	0.000000	144.093182	0.000000	31.7
1072	-0.842646	144.019465	0.006303	34.2
1073	-0.423677	143.945848	0.005019	32.3
1074	-0.360338	143.872331	0.004750	32.6
1075	-1.015656	143.798914	0.007752	33.5
1076	0.000000	143.725597	0.000000	32.3
1077	-0.428915	143.652380	0.006163	33.2
1078	0.000000	143.579262	0.000000	33.4
1079	-0.621699	143.506243	0.007335	32.6
1080	-0.525109	143.433323	0.005108	33.4
1081	-0.871497	143.360502	0.006565	32.9
1082	-0.638862	143.287780	0.007356	33.2
1083	-0.761343	143.215155	0.005901	33.3
1084	-0.676151	143.142629	0.005764	32.5
1085	-0.221521	143.070201	0.003833	33.0
1086	-0.547626	142.997870	0.006279	32.9
1087	-0.914025	142.925637	0.009382	33.4
1088	-0.784844	142.853501	0.006297	32.7
1089	-0.591984	142.781462	0.007667	33.9
1090	-0.925046	142.709519	0.006365	32.7
1091	-0.962579	142.637674	0.008798	33.3
1092	-0.679652	142.565924	0.005780	33.8
1093	-0.745438	142.494271	0.006480	31.8
1094	0.000000	142.422714	0.000000	32.3
1095	-0.859611	142.351252	0.008006	33.7
1096	-0.978787	142.279886	0.007651	32.5
1097	-0.935158	142.208616	0.008831	33.0
1098	-0.957403	142.137440	0.008160	33.5
1099	-0.422516	142.066360	0.005325	32.7
1100	-0.426411	141.995374	0.005125	33.6
1101	0.000000	141.924483	0.000000	33.0
1102	-0.761630	141.853685	0.006999	33.0
1103	-0.959559	141.782983	0.007321	32.9
1104	-0.642619	141.712373	0.007165	32.9
1105	0.000000	141.641858	0.000000	33.2
1106	-0.779889	141.571436	0.007055	32.5
1107	-0.357886	141.501108	0.004178	33.3
1108	0.000000	141.430872	0.000000	35.2
1109	-0.878523	141.360730	0.008045	31.5
1110	-0.538551	141.290680	0.004215	32.3
1111	-0.559805	141.220722	0.005357	33.3
1112	0.000000	141.150857	0.000000	32.7
1113	0.000000	141.081084	0.000000	32.8
1114	-0.637572	141.011403	0.005940	33.4
1115	-0.649898	140.941813	0.006316	32.9
1116	-0.023413	140.872315	0.001311	33.2
1117	-0.413741	140.802909	0.004825	32.8
1118	-0.465570	140.733593	0.005328	33.2
1119	-0.004084	140.664369	0.000018	32.8
1120	-0.692416	140.595235	0.007140	32.7
1121	0.000000	140.526192	0.000000	33.3
1122	-0.722017	140.457239	0.006602	33.3
1123	-0.794272	140.388376	0.006000	32.5
1124	-0.048274	140.319603	0.003208	33.2
1125	-0.668569	140.250920	0.006642	33.0
1126	-0.890074	140.182326	0.008734	33.0
1127	0.000000	140.113822	0.000000	32.8
1128	-0.845619	140.045407	0.008048	33.4
1129	-0.666468	139.977081	0.007102	32.6
1130	-0.002742	139.908844	0.000339	33.0
1131	0.000000	139.840696	0.000000	33.2
1132	0.000000	139.772635	0.000000	34.1
1133	-0.759559	139.704664	0.005773	32.5
1134	-0.758923	139.636780	0.007576	32.7
1135	-0.810071	139.568984	0.007748	32.6
1136	-0.843797	139.501276	0.007564	33.7
1137	-0.781028	139.433655	0.006031	32.2
1138	-0.426708	139.366122	0.004996	33.4
1139	-0.669415	139.298676	0.005334	33.6
1140	-0.525640	139.231317	0.005686	32.2
1141	-0.468956	139.164045	0.006872	32.7
1142	-0.709466	139.096859	0.009149	33.2
1143	-0.905213	139.029760	0.006329	33.5
1144	-0.982005	138.962747	0.007117	32.6
1145	0.000000	138.895820	0.000000	32.8
1146	-0.505780	138.828978	0.007170	33.3
1147	-0.417661	138.762223	0.004284	33.2
1148	-0.404814	138.695553	0.004539	32.7
1149	-0.551405	138.628969	0.003801	32.6
1150	-0.954219	138.562469	0.006956	33.6
1151	-0.778177	138.496055	0.005628	33.2
1152	-0.918227	138.429725	0.008069	32.4
1153	-0.655271	138.363481	0.008547	34.0
1154	-0.870375	138.297320	0.008211	32.0
1155	-0.555542	138.231244	0.005719	33.1
1156	-0.731142	138.165252	0.007283	32.6
1157	-0.787295	138.099344	0.008148	32.9
1158	-0.800115	138.033520	0.006782	33.9
1159	-0.575339	137.967779	0.005526	35.8
1160	0.000000	137.902122	0.000000	34.8
1161	0.000000	137.836548	0.000000	36.5
1162	-0.556730	137.771057	0.005983	35.2
1163	-0.000000	137.705649	0.000000	37.9
1164	-0.604927	137.640324	0.006065	32.7
1165	-0.920489	137.575081	0.008611	33.9
1166	-0.182339	137.509921	0.004077	35.9
1167	-0.473319	137.444842	0.005667	36.9
1168	-0.871650	137.379846	0.006723	34.5
1169	-0.760208	137.314932	0.006339	33.6
1170	-0.574166	137.250100	0.005760	36.6
1171	0.000000	137.185349	0.000000	37.2
1172	0.000000	137.120680	0.000000	35.7
1173	0.000000	137.056092	0.000000	36.3
1174	0.000000	136.991585	0.000000	36.4
1175	0.000000	136.927158	0.000000	36.7
1176	-0.479439	136.862813	0.006086	36.6
1177	-0.686479	136.798548	0.006102	35.8
1178	0.000000	136.734363	0.000000	33.7
1179	-0.378147	136.670259	0.005344	35.5
1180	-0.923330	136.606235	0.006093	34.1
1181	-0.648327	136.542291	0.007270	36.4
1182	-0.820054	136.478426	0.009230	33.0
1183	-0.338526	136.414641	0.004480	35.1
1184	0.000000	136.350936	0.000000	38.2
1185	-0.389597	136.287310	0.005672	35.2
1186	0.000000	136.223763	0.000000	35.8
1187	-0.723717	136.160295	0.006943	35.6
1188	-0.873119	136.096905	0.006568	66.9
1189	-0.742966	136.033594	0.007289	58.6
1190	-0.842406	135.970362	0.005608	41.8
1191	-0.838169	135.907208	0.006123	29.1
1192	-0.239293	135.844133	0.004171	31.7
1193	-0.387754	135.781135	0.004862	30.7
1194	-0.206830	135.718215	0.003918	31.8
1195	0.000000	135.655373	0.000000	31.1
1196	-0.782249	135.592608	0.004864	31.2
1197	0.000000	135.529921	0.000000	30.6
1198	-0.240535	135.467311	0.002088	32.6
1199	-0.337283	135.404778	0.003218	33.2
1200	-0.878374	135.342322	0.006516	31.9
1201	-0.423324	135.279942	0.004044	31.7
1202	-0.347683	135.217640	0.003313	32.0
1203	-0.388603	135.155413	0.007105	32.0
1204	0.000000	135.093263	0.000000	32.9
1205	0.000000	135.031190	0.000000	31.1
1206	-0.501469	134.969192	0.007951	32.4
1207	-0.609498	134.907270	0.006844	30.8
1208	-0.852480	134.845424	0.008441	29.7
1209	-0.000000	134.783653	0.000000	30.5
1210	-0.613001	134.721958	0.005799	30.4
1211	-0.591982	134.660338	0.005678	31.4
1212	-0.543027	134.598793	0.005580	31.8
1213	-0.545891	134.537323	0.008253	32.3
1214	-0.697967	134.475927	0.006579	32.0
1215	-0.612545	134.414607	0.005797	32.1
1216	-0.565165	134.353361	0.004863	32.2
1217	-0.301206	134.292189	0.006668	29.3
1218	-0.836111	134.231092	0.005273	32.6
1219	0.000000	134.170068	0.000000	31.1
1220	-0.479019	134.109119	0.005487	31.7
1221	0.000000	134.048243	0.000000	31.9
1222	-0.784023	133.987441	0.005214	31.7
1223	-0.512550	133.926713	0.006597	31.5
1224	-0.859246	133.866057	0.005180	32.1
1225	-0.431482	133.805475	0.003272	32.8
1226	-0.994974	133.744966	0.009255	31.0
1227	-0.087290	133.684530	0.001370	30.8
1228	-0.663405	133.624167	0.006410	32.6
1229	-0.834174	133.563877	0.006289	31.4
1230	-0.624079	133.503658	0.006897	29.8
1231	-0.980742	133.443513	0.008243	30.6
1232	-0.914496	133.383439	0.007073	31.9
1233	-0.727514	133.323437	0.006494	30.8
1234	-0.698634	133.263508	0.007507	31.8
1235	-0.905590	133.203650	0.008312	31.5
1236	0.000000	133.143864	0.000000	32.3
1237	-0.432687	133.084149	0.005480	32.7
1238	-1.009662	133.024506	0.009530	30.9
1239	-0.910151	132.964934	0.007077	32.8
1240	-0.679494	132.905433	0.005946	30.6
1241	-0.760749	132.846003	0.006100	30.6
1242	0.000000	132.786643	0.000000	30.5
1243	-0.806018	132.727355	0.005415	30.8
1244	-0.198306	132.668137	0.005022	32.2
1245	-0.690811	132.608989	0.006648	31.9
1246	-0.720869	132.549912	0.007578	31.9
1247	-0.829749	132.490904	0.005365	31.6
1248	-0.553988	132.431967	0.006578	31.9
1249	-1.016083	132.373100	0.007203	33.2
1250	-0.565692	132.314302	0.009137	31.0
1251	-0.449507	132.255574	0.004447	31.7
1252	0.000000	132.196916	0.000000	30.8
1253	-0.631980	132.138326	0.005927	32.4
1254	-0.870914	132.079806	0.008550	31.0
1255	-0.951996	132.021355	0.008034	30.7
1256	0.000000	131.962973	0.000000	31.1
1257	-1.022636	131.904660	0.008291	32.5
1258	-0.862002	131.846415	0.010166	31.9
1259	-0.549209	131.788239	0.006666	32.4
1260	-0.893822	131.730131	0.006328	32.9
1261	-0.788044	131.672092	0.005469	30.7
1262	-0.779840	131.614121	0.008415	30.8
1263	-0.486003	131.556217	0.005073	29.5
1264	-0.734831	131.498382	0.004347	30.6
1265	0.000000	131.440614	0.000000	30.4
1266	-0.599188	131.382914	0.005705	31.5
1267	0.000000	131.325282	0.000000	32.0
1268	-0.977454	131.267717	0.008158	32.1
1269	-0.779076	131.210219	0.007838	31.7
1270	-0.529718	131.152788	0.006302	32.2
1271	-0.620448	131.095424	0.005489	32.0
1272	-0.176347	131.038127	0.003097	29.8
1273	0.000000	130.980897	0.000000	31.7
1274	-0.864121	130.923733	0.006524	31.0
1275	-0.512653	130.866636	0.007895	30.2
1276	-0.616797	130.809605	0.004261	30.7
1277	-1.006133	130.752641	0.009191	31.7
1278	-0.639589	130.695742	0.006219	31.8
1279	-0.591733	130.638910	0.007920	32.0
1280	-0.543816	130.582143	0.007153	31.7
1281	-0.781248	130.525442	0.008194	31.5
1282	-0.842192	130.468807	0.007347	29.7
1283	-0.773119	130.412237	0.006829	30.4
1284	-0.945376	130.355733	0.006029	32.1
1285	0.000000	130.299294	0.000000	30.6
1286	-0.556084	130.242920	0.005311	33.3
1287	-0.598506	130.186611	0.008096	31.5
1288	-0.614901	130.130366	0.006281	33.4
1289	-0.920516	130.074187	0.008741	30.5
1290	-1.012154	130.018072	0.006990	32.0
1291	-0.872448	129.962022	0.007958	32.7
1292	-1.000699	129.906036	0.008571	31.4
1293	0.000000	129.850114	0.000000	30.0
1294	-0.927659	129.794257	0.007541	30.1
1295	-0.077871	129.738463	0.003223	30.9
1296	-0.778572	129.682734	0.005659	30.9
1297	-0.620347	129.627068	0.005602	31.3
1298	-0.846722	129.571466	0.007613	31.7
1299	-0.815334	129.515927	0.004639	31.7
1300	-0.076965	129.460452	0.004092	31.1
1301	-0.900751	129.405040	0.010104	31.0
1302	-0.790064	129.349692	0.007208	30.6
1303	-0.934291	129.294406	0.008662	30.5
1304	-0.552625	129.239183	0.006317	30.8
1305	-0.918260	129.184024	0.007157	32.2
1306	-0.049764	129.128927	0.006236	31.0
1307	0.000000	129.073892	0.000000	31.8
1308	-0.916435	129.018921	0.006310	32.5
1309	-0.742316	128.964011	0.005390	32.1
1310	0.000000	128.909164	0.000000	32.0
1311	-0.630251	128.854379	0.005756	30.0
1312	-0.747098	128.799656	0.008022	31.1
1313	0.000000	128.744995	0.000000	31.1
1314	-0.770739	128.690396	0.007747	31.7
1315	-0.783643	128.635858	0.008315	31.6
1316	-1.018135	128.581382	0.008925	31.2
1317	-0.453939	128.526968	0.006105	32.2
1318	-0.579764	128.472615	0.006768	32.5
1319	-0.358800	128.418323	0.003408	31.4
1320	-0.458807	128.364092	0.005474	32.4
1321	-0.615831	128.309922	0.005260	32.1
1322	0.000000	128.255814	0.000000	32.0
1323	-0.796719	128.201766	0.007277	32.1
1324	0.000000	128.147778	0.000000	31.7
1325	-0.787758	128.093852	0.005412	30.0
1326	-0.560600	128.039985	0.006533	30.4
1327	-0.732379	127.986180	0.005651	31.3
1328	-0.459652	127.932434	0.005731	32.5
1329	-0.718948	127.878749	0.007501	30.7
1330	-0.904908	127.825123	0.007700	31.5
1331	-0.449583	127.771558	0.005647	32.1
1332	0.000000	127.718052	0.000000	32.5
1333	-0.689389	127.664606	0.006198	32.6
1334	-0.956934	127.611220	0.007392	31.8
1335	-0.751255	127.557893	0.006665	29.5
1336	-0.589700	127.504625	0.006223	30.9
1337	-0.000044	127.451417	0.000017	32.0
1338	-0.969662	127.398268	0.007877	30.9
1339	-0.756885	127.345178	0.005937	32.3
1340	-0.991098	127.292147	0.006974	31.5
1341	-0.778650	127.239175	0.009349	31.4
1342	-0.723225	127.186261	0.006705	31.6
1343	-0.868694	127.133407	0.008227	32.9
1344	-0.962028	127.080610	0.007632	32.0
1345	-0.616261	127.027872	0.006341	32.9
1346	-0.931228	126.975193	0.007542	29.6
1347	-0.654796	126.922572	0.007442	30.2
1348	-0.855750	126.870008	0.005865	30.3
1349	-0.880637	126.817503	0.006416	30.9
1350	-0.822718	126.765056	0.007632	32.9
1351	-0.561903	126.712667	0.006303	31.8
1352	-0.941765	126.660335	0.005936	32.1
1353	-0.661850	126.608061	0.005786	32.8
1354	-0.857691	126.555844	0.005879	31.5
1355	0.000000	126.503685	0.000000	32.7
1356	-0.454978	126.451583	0.004238	31.1
1357	-0.801981	126.399538	0.004708	33.2
1358	-0.207520	126.347550	0.003626	30.1
1359	-0.336692	126.295619	0.004721	32.2
1360	-0.778058	126.243745	0.007860	30.0
1361	-0.178240	126.191928	0.002713	31.1
1362	-0.000000	126.140168	0.000000	30.1
1363	-0.564937	126.088464	0.007633	30.8
1364	-0.625820	126.036817	0.007516	32.3
1365	0.000000	125.985226	0.000000	30.7
1366	-0.641643	125.933691	0.005928	32.0
1367	-0.458311	125.882212	0.004111	33.5
1368	-0.340201	125.830790	0.003115	31.1
1369	-0.757720	125.779423	0.009177	32.9
1370	-0.060826	125.728113	0.001526	32.1
1371	-0.762863	125.676858	0.006217	30.9
1372	-0.606472	125.625659	0.007083	30.4
1373	-0.932715	125.574515	0.010274	30.0
1374	-0.771902	125.523427	0.007492	31.1
1375	-0.495876	125.472394	0.005090	32.8
1376	-0.861258	125.421417	0.007524	31.7
1377	-0.607319	125.370495	0.006619	30.7
1378	-0.662285	125.319628	0.006716	32.0
1379	-1.021820	125.268815	0.006881	31.8
1380	-0.673413	125.218058	0.007516	32.0
1381	-0.719668	125.167356	0.005557	33.3
1382	-0.968529	125.116708	0.007484	32.8
1383	-0.480257	125.066115	0.006021	29.7
1384	-0.002119	125.015576	0.000725	30.6
1385	-0.000059	124.965092	0.000144	33.2
1386	-0.656867	124.914662	0.007608	32.1
1387	-0.952602	124.864287	0.007615	32.0
1388	-0.774366	124.813965	0.006152	31.6
1389	-0.932734	124.763698	0.009633	30.6
1390	-0.123622	124.713485	0.003184	32.0
1391	-0.549628	124.663325	0.005297	32.0
1392	-0.640702	124.613219	0.005320	31.9
1393	-0.475071	124.563167	0.004352	31.0
1394	-0.242733	124.513168	0.005222	31.9
1395	-0.764870	124.463223	0.006000	31.0
1396	-0.915237	124.413332	0.007489	31.0
1397	-0.724567	124.363493	0.006314	30.5
1398	-0.589922	124.313708	0.005653	30.3
1399	-0.870394	124.263976	0.007639	32.2
1400	0.000000	124.214297	0.000000	31.3
1401	-0.986557	124.164671	0.008679	30.9
1402	-0.611101	124.115097	0.007294	31.7
1403	-0.064877	124.065577	0.002547	32.7
1404	-0.040085	124.016109	0.000463	31.4
1405	-0.000000	123.966693	0.000000	30.5
1406	-0.886610	123.917330	0.008431	31.0
1407	-0.508639	123.868020	0.006468	30.6
1408	-0.475976	123.818762	0.005267	30.5
1409	-0.668209	123.769556	0.006269	31.6
1410	-0.931549	123.720402	0.007717	32.7
1411	-0.665479	123.671300	0.005993	30.9
1412	-0.526406	123.622250	0.006157	32.0
1413	0.000000	123.573252	0.000000	32.7
1414	-0.091552	123.524305	0.001963	31.6
1415	0.000000	123.475411	0.000000	33.1
1416	0.000000	123.426568	0.000000	28.5
1417	-0.711938	123.377776	0.006754	28.8
1418	-1.015510	123.329036	0.007365	29.7
1419	-0.426598	123.280347	0.005263	31.0
1420	-1.001336	123.231709	0.008861	31.5
1421	0.000000	123.183122	0.000000	27.6
1422	-0.066566	123.134587	0.001261	28.7
1423	-0.186304	123.086102	0.003097	29.6
1424	-0.000000	123.037669	0.000000	31.2
1425	-0.805280	122.989286	0.006405	29.5
1426	-0.897670	122.940954	0.007286	29.1
1427	-0.945458	122.892672	0.008315	28.7
1428	-0.969151	122.844441	0.006812	29.9
1429	-0.907938	122.796261	0.007969	29.6
1430	-0.778844	122.748130	0.007212	29.9
1431	0.000000	122.700050	0.000000	28.4
1432	-0.416096	122.652021	0.005998	29.4
1433	0.000000	122.604041	0.000000	30.0
1434	0.000000	122.556111	0.000000	29.6
1435	-0.612970	122.508232	0.006630	28.8
1436	-0.430190	122.460402	0.006153	29.3
1437	-0.547195	122.412622	0.005764	28.9
1438	0.000000	122.364891	0.000000	31.8
1439	-0.631143	122.317210	0.006149	30.2
1440	-0.800379	122.269579	0.006411	29.0
1441	-0.694516	122.221997	0.005881	29.3
1442	-0.667461	122.174465	0.004323	29.0
1443	0.000000	122.126981	0.000000	30.5
1444	-0.571470	122.079547	0.005796	30.5
1445	-0.285474	122.032162	0.006504	29.3
1446	-0.807601	121.984826	0.006867	29.7
1447	-0.424486	121.937539	0.004714	30.9
1448	-0.255965	121.890301	0.003838	35.8
1449	0.000000	121.843112	0.000000	32.7
1450	-0.952632	121.795971	0.009656	29.2
1451	-0.817022	121.748879	0.007844	30.4
1452	0.000000	121.701835	0.000000	30.7
1453	-0.449935	121.654840	0.003916	29.9
1454	-0.777858	121.607893	0.006359	27.5
1455	-0.396814	121.560994	0.004442	29.3
1456	-0.203677	121.514144	0.002537	30.6
1457	-0.834780	121.467342	0.006545	31.1
1458	-0.655997	121.420588	0.006588	29.6
1459	-0.451773	121.373882	0.005262	28.8
1460	-0.778838	121.327223	0.006941	29.0
1461	-0.777221	121.280613	0.009955	29.9
1462	-0.853214	121.234050	0.009841	30.7
1463	-0.665841	121.187535	0.006662	31.3
1464	-0.059252	121.141067	0.000402	31.4
1465	-0.763718	121.094647	0.007205	36.5
1466	-0.469960	121.048274	0.005306	32.6
1467	-0.615109	121.001949	0.005639	29.0
1468	-0.591955	120.955671	0.007759	31.0
1469	-0.671685	120.909440	0.007121	44.3
1470	0.000000	120.863256	0.000000	57.8
1471	-0.132883	120.817119	0.004034	47.0
1472	-0.444433	120.771029	0.004985	41.5
1473	-0.818170	120.724986	0.007725	30.3
1474	-0.845363	120.678990	0.007052	37.7
1475	-0.405047	120.633040	0.006104	35.0
1476	-0.628474	120.587137	0.005856	35.1
1477	-0.869334	120.541281	0.007046	32.8
1478	-0.727178	120.495471	0.006743	32.9
1479	-0.530768	120.449707	0.008874	32.1
1480	-0.439174	120.403990	0.004034	32.8
1481	-0.128682	120.358319	0.003526	33.3
1482	-0.464779	120.312694	0.005126	33.5
1483	0.000000	120.267115	0.000000	32.4
1484	-0.911381	120.221582	0.008091	34.0
1485	-0.990078	120.176096	0.007631	32.8
1486	0.000000	120.130655	0.000000	32.2
1487	-0.468754	120.085260	0.004148	32.9
1488	0.000000	120.039910	0.000000	33.3
1489	-0.922440	119.994606	0.008510	32.7
1490	-0.701778	119.949348	0.005713	33.7
1491	-0.057501	119.904135	0.002987	33.3
1492	-0.654733	119.858968	0.008049	33.2
1493	-0.811426	119.813846	0.007217	32.3
1494	-1.008545	119.768769	0.009684	33.1
1495	-0.721403	119.723738	0.006842	32.6
1496	-0.716110	119.678752	0.006372	33.0
1497	-0.423862	119.633810	0.005715	32.9
1498	-0.388140	119.588914	0.004823	34.3
1499	-0.672810	119.544062	0.005887	35.0
1500	-0.554830	119.499256	0.005685	32.3
1501	-0.827545	119.454494	0.007351	33.1
1502	-0.306413	119.409777	0.003869	43.3
1503	-0.530212	119.365104	0.006050	56.7
1504	-0.758976	119.320476	0.007985	37.5
1505	-0.429086	119.275893	0.006919	33.5
1506	-0.250879	119.231353	0.005749	32.5
1507	-0.779139	119.186859	0.008613	29.5
1508	0.000000	119.142408	0.000000	29.1
1509	0.000000	119.098002	0.000000	29.4
1510	0.000000	119.053639	0.000000	30.0
1511	-0.645623	119.009321	0.007281	30.2
1512	-0.675664	118.965047	0.005255	30.9
1513	-0.858113	118.920816	0.007913	29.1
1514	-0.796043	118.876630	0.008190	28.7
1515	-0.610052	118.832487	0.006601	30.0
1516	-0.102873	118.788388	0.005358	29.9
1517	-0.813576	118.744332	0.007680	32.3
1518	-0.826781	118.700320	0.007560	33.3
1519	-0.916673	118.656352	0.007795	31.7
1520	-0.999735	118.612427	0.007448	27.6
1521	-0.000000	118.568545	0.000000	30.4
1522	-0.678122	118.524706	0.005218	30.1
1523	-0.903661	118.480911	0.007212	31.4
1524	-0.586818	118.437159	0.006826	29.6
1525	-0.871244	118.393450	0.008052	31.1
1526	0.000000	118.349784	0.000000	28.1
1527	-0.432355	118.306160	0.005209	29.3
1528	-1.001885	118.262580	0.010140	31.0
1529	-0.835004	118.219042	0.006655	31.3
1530	0.000000	118.175548	0.000000	31.6
1531	-0.709856	118.132095	0.008210	31.6
1532	-0.828093	118.088686	0.006157	31.6
1533	-0.626685	118.045319	0.004992	28.2
1534	-0.485558	118.001994	0.005605	28.7
1535	-0.191697	117.958712	0.002862	30.8
1536	-0.730834	117.915472	0.006108	30.6
1537	-0.677851	117.872274	0.007551	29.7
1538	-0.737204	117.829118	0.007015	29.6
1539	-0.693713	117.786005	0.007174	30.9
1540	-0.752546	117.742933	0.006425	30.2
1541	0.000000	117.699904	0.000000	31.3
1542	-0.573498	117.656916	0.007280	30.6
1543	-0.738216	117.613971	0.006689	33.0
1544	-0.552561	117.571067	0.005205	36.6
1545	0.000000	117.528205	0.000000	33.2
1546	-0.739296	117.485384	0.006495	37.9
1547	-0.739565	117.442605	0.007657	30.2
1548	0.000000	117.399867	0.000000	31.0
1549	-0.602986	117.357171	0.005864	29.8
1550	-0.979976	117.314517	0.008514	30.5
1551	-0.725479	117.271903	0.005673	29.5
1552	-0.767040	117.229331	0.005890	29.0
1553	-0.900849	117.186800	0.007206	28.8
1554	-0.621363	117.144311	0.005853	30.9
1555	-0.667778	117.101862	0.004853	32.1
1556	0.000000	117.059454	0.000000	30.1
1557	-0.589315	117.017087	0.005227	32.7
1558	-0.122264	116.974762	0.008131	29.6
1559	-0.627616	116.932476	0.005339	30.2
1560	-0.856538	116.890232	0.007483	30.6
1561	-0.509473	116.848028	0.004202	30.2
1562	-0.939590	116.805865	0.006233	31.4
1563	-0.868280	116.763743	0.007703	32.4
1564	-0.738425	116.721661	0.006499	30.1
1565	-0.222579	116.679619	0.003385	30.6
1566	-0.700918	116.637618	0.006799	29.5
1567	-0.910229	116.595657	0.007327	30.0
1568	-0.539232	116.553736	0.004349	30.6
1569	-0.861277	116.511855	0.007907	32.0
1570	-0.702438	116.470015	0.007920	32.8
1571	-0.647855	116.428214	0.007292	31.3
1572	-0.836229	116.386454	0.007278	32.0
1573	-0.643044	116.344733	0.006973	31.5
1574	-0.384902	116.303052	0.003408	28.4
1575	0.000000	116.261412	0.000000	28.8
1576	-0.872609	116.219810	0.005292	29.4
1577	-0.775047	116.178249	0.006522	30.2
1578	-0.520076	116.136727	0.005787	29.9
1579	-0.836475	116.095245	0.005082	29.1
1580	-0.583390	116.053802	0.007183	29.0
1581	-0.672088	116.012398	0.005950	30.9
1582	-0.563945	115.971034	0.006466	29.3
1583	-0.557639	115.929710	0.009116	30.9
1584	0.000000	115.888424	0.000000	29.1
1585	-0.828705	115.847178	0.005731	30.3
1586	-0.658865	115.805970	0.006717	35.9
1587	0.000000	115.764802	0.000000	32.0
1588	-0.639688	115.723673	0.006523	32.0
1589	-0.917970	115.682583	0.008816	30.7
1590	0.000000	115.641532	0.000000	31.6
1591	0.000000	115.600519	0.000000	30.5
1592	-0.672461	115.559546	0.004767	32.2
1593	-0.576238	115.518610	0.006365	30.0
1594	-0.975361	115.477714	0.008784	36.0
1595	-0.782988	115.436856	0.006064	30.7
1596	-0.984729	115.396037	0.012104	28.0
1597	-0.587272	115.355256	0.007625	30.3
1598	-0.789365	115.314514	0.008023	31.7
1599	-0.212250	115.273810	0.005183	37.3
1600	-0.822708	115.233144	0.006947	33.2
1601	-0.569705	115.192517	0.005872	36.7
1602	-0.600545	115.151927	0.007549	34.1
1603	-0.294926	115.111376	0.007176	34.8
1604	-0.047800	115.070863	0.000527	34.7
1605	-0.592051	115.030388	0.007302	33.1
1606	-0.840750	114.989951	0.007664	32.5
1607	-0.835578	114.949551	0.006189	30.9
1608	0.000000	114.909190	0.000000	32.2
1609	-0.431096	114.868866	0.005346	31.4
1610	-0.589216	114.828580	0.006472	32.8
1611	-0.362877	114.788332	0.005804	28.9
1612	0.000000	114.748121	0.000000	31.4
1613	-0.778904	114.707948	0.007057	30.9
1614	-0.435100	114.667812	0.005511	30.0
1615	-0.678350	114.627714	0.006696	30.1
1616	-0.524840	114.587653	0.004289	30.2
1617	-0.700621	114.547629	0.007096	29.2
1618	-0.882278	114.507643	0.005273	30.3
1619	-0.585446	114.467693	0.007597	29.2
1620	-0.763701	114.427781	0.007551	32.6
1621	-0.807263	114.387907	0.005835	31.5
1622	-0.590593	114.348069	0.005469	31.8
1623	-0.894967	114.308268	0.006825	31.8
1624	-0.905405	114.268504	0.006968	32.2
1625	-0.698794	114.228777	0.007481	30.8
1626	-0.640590	114.189086	0.006935	31.7
1627	-0.794064	114.149433	0.007288	29.3
1628	-0.489142	114.109816	0.004809	29.3
1629	-0.437067	114.070235	0.005312	29.9
1630	-0.793198	114.030692	0.006261	30.9
1631	-0.747803	113.991185	0.006629	29.2
1632	-0.908050	113.951714	0.007031	28.0
1633	-0.514203	113.912280	0.004513	28.9
1634	-0.078296	113.872882	0.001609	30.7
1635	-0.974361	113.833521	0.009139	30.2
1636	-0.893317	113.794195	0.006032	29.2
1637	-0.786672	113.754906	0.007924	29.7
1638	-0.908705	113.715653	0.007969	29.6
1639	-0.821244	113.676437	0.007708	30.9
1640	-0.574104	113.637256	0.005773	29.5
1641	-0.823293	113.598111	0.006980	31.2
1642	-0.821076	113.559002	0.006100	28.3
1643	-0.000000	113.519929	0.000000	28.6
1644	-0.740932	113.480892	0.005603	29.7
1645	-0.970061	113.441891	0.007047	30.5
1646	0.000000	113.402925	0.000000	29.0
1647	-0.863980	113.363995	0.005730	29.2
1648	-0.856489	113.325101	0.008396	29.1
1649	-0.792706	113.286242	0.007496	31.0
1650	-0.682380	113.247419	0.006656	30.4
1651	0.000000	113.208631	0.000000	27.7
1652	-0.872054	113.169879	0.006418	30.0
1653	0.000000	113.131162	0.000000	28.9
1654	0.000000	113.092480	0.000000	31.0
1655	-0.761114	113.053833	0.005741	29.4
1656	-0.933010	113.015222	0.006892	29.3
1657	-0.013671	112.976646	0.000403	29.7
1658	-0.603015	112.938105	0.007046	30.0
1659	-0.963289	112.899599	0.009984	30.1
1660	-0.490769	112.861128	0.007266	28.4
1661	-0.745317	112.822692	0.006389	28.9
1662	-0.090592	112.784291	0.001112	29.7
1663	-0.457931	112.745924	0.006320	29.6
1664	-0.980896	112.707593	0.007087	30.1
1665	-0.712197	112.669296	0.007766	30.7
1666	-0.645766	112.631034	0.006440	28.1
1667	-0.474598	112.592806	0.004051	29.1
1668	-0.582354	112.554613	0.005763	30.5
1669	0.000000	112.516455	0.000000	30.4
1670	0.000000	112.478331	0.000000	30.5
1671	-0.766252	112.440241	0.007596	29.7
1672	-0.443244	112.402186	0.004943	28.6
1673	-0.448460	112.364165	0.005786	30.0
1674	-0.655325	112.326179	0.005887	29.5
1675	-0.886505	112.288227	0.007847	31.2
1676	-0.420461	112.250309	0.005584	28.4
1677	-0.878933	112.212425	0.008871	28.6
1678	-0.099367	112.174575	0.002159	29.2
1679	-0.421465	112.136759	0.007360	30.5
1680	-0.806633	112.098977	0.006480	30.3
1681	-0.741942	112.061229	0.005741	31.2
1682	-0.490781	112.023515	0.005141	28.0
1683	-0.721505	111.985834	0.006451	29.5
1684	-0.465385	111.948188	0.005356	29.9
1685	-0.686060	111.910575	0.008772	30.1
1686	0.000000	111.872996	0.000000	30.8
1687	-0.379450	111.835450	0.004175	27.8
1688	-0.676153	111.797939	0.007256	29.4
1689	-0.737584	111.760460	0.005399	30.2
1690	-0.647154	111.723015	0.006979	31.5
1691	-0.868720	111.685604	0.007443	29.7
1692	0.000000	111.648226	0.000000	29.8
1693	0.000000	111.610881	0.000000	29.3
1694	-0.616623	111.573570	0.005660	29.9
1695	-0.581211	111.536292	0.005942	30.6
1696	-0.360242	111.499047	0.004678	30.0
1697	-0.896065	111.461835	0.007244	29.9
1698	0.000000	111.424656	0.000000	28.7
1699	-0.634333	111.387510	0.006674	29.1
1700	-0.823584	111.350398	0.008405	30.2
1701	-0.826688	111.313318	0.008208	30.9
1702	-0.729902	111.276271	0.007167	30.3
1703	-0.741124	111.239257	0.006321	29.2
1704	0.000000	111.202276	0.000000	29.6
1705	-0.310886	111.165328	0.004577	31.2
1706	0.000000	111.128412	0.000000	30.5
1707	0.000000	111.091529	0.000000	29.8
1708	0.000000	111.054679	0.000000	28.4
1709	-0.592394	111.017861	0.005074	28.7
1710	-0.775915	110.981076	0.008029	30.0
1711	-0.000249	110.944323	0.000016	30.5
1712	0.000000	110.907603	0.000000	30.2
1713	-0.482840	110.870915	0.006453	29.1
1714	-0.353209	110.834259	0.004459	29.0
1715	0.000000	110.797636	0.000000	30.0
1716	-0.818291	110.761045	0.006807	29.0
1717	-0.758190	110.724486	0.009503	29.4
1718	-0.727517	110.687959	0.006720	29.6
1719	-0.872625	110.651465	0.006539	29.7
1720	-0.163317	110.615002	0.001681	30.2
1721	-0.831484	110.578572	0.005808	30.4
1722	0.000000	110.542173	0.000000	29.3
1723	0.000000	110.505807	0.000000	28.4
1724	-0.896077	110.469472	0.006691	28.9
1725	-0.912474	110.433169	0.008156	30.3
1726	-0.311889	110.396898	0.007792	31.5
1727	-0.452962	110.360659	0.004892	29.0
1728	-0.756254	110.324451	0.004778	29.2
1729	-0.789381	110.288276	0.005244	29.1
1730	-0.527306	110.252131	0.006194	29.8
1731	-0.834191	110.216019	0.005014	29.8
1732	-0.850267	110.179937	0.007731	29.4
1733	-0.929734	110.143888	0.006866	29.1
1734	-0.502512	110.107869	0.007598	28.8
1735	-0.875838	110.071882	0.006390	32.1
1736	-0.794741	110.035927	0.007443	29.0
1737	-0.534773	110.000003	0.005997	30.1
1738	-0.637579	109.964110	0.005950	28.1
1739	-0.529787	109.928248	0.005826	29.3
1740	-0.847033	109.892417	0.007918	30.1
1741	-0.867581	109.856618	0.005209	32.1
1742	-0.901085	109.820850	0.006865	29.1
1743	-0.573046	109.785112	0.006503	29.7
1744	-0.864174	109.749406	0.006945	29.1
1745	-0.709395	109.713730	0.006029	29.8
1746	0.000000	109.678086	0.000000	31.3
1747	-0.776501	109.642472	0.007143	33.2
1748	-0.905012	109.606890	0.007132	31.4
1749	-0.938387	109.571337	0.010510	31.9
1750	-0.978719	109.535816	0.007244	31.6
1751	-0.904613	109.500326	0.009475	31.6
1752	-0.572520	109.464866	0.005591	29.5
1753	-0.822676	109.429436	0.006275	30.4
1754	-0.464668	109.394038	0.006259	31.3
1755	-0.519342	109.358669	0.005458	31.9
1756	-0.836339	109.323331	0.004747	29.6
1757	-0.113252	109.288024	0.002591	28.4
1758	-0.792846	109.252747	0.005902	29.1
1759	0.000000	109.217501	0.000000	28.8
1760	-0.845114	109.182284	0.006806	31.3
1761	-0.603583	109.147098	0.005060	29.0
1762	-0.566413	109.111942	0.006978	29.0
1763	-0.899560	109.076817	0.005758	28.8
1764	0.000000	109.041721	0.000000	30.3
1765	-0.647520	109.006656	0.008398	30.5
1766	-0.874196	108.971620	0.007349	30.7
1767	0.000000	108.936615	0.000000	30.0
1768	-0.291110	108.901640	0.006823	29.0
1769	-0.570442	108.866694	0.007212	28.9
1770	-0.033232	108.831779	0.001983	29.9
1771	-0.626388	108.796893	0.006655	30.3
1772	-0.862743	108.762037	0.006660	32.2
1773	-0.530316	108.727211	0.004306	28.1
1774	-0.913612	108.692415	0.009147	29.9
1775	0.000000	108.657648	0.000000	28.7
1776	-0.717967	108.622911	0.006231	30.8
1777	-0.954768	108.588203	0.007491	29.9
1778	-0.147823	108.553525	0.009879	29.4
1779	-0.580106	108.518877	0.006706	29.1
1780	-0.486635	108.484258	0.004428	29.5
1781	-0.763223	108.449668	0.005880	30.9
1782	-0.745043	108.415108	0.006543	30.4
1783	-0.689030	108.380578	0.005532	29.0
1784	-0.828240	108.346076	0.006258	29.2
1785	-0.067869	108.311604	0.001881	29.3
1786	-0.458064	108.277161	0.004642	30.9
1787	-0.807420	108.242747	0.007287	30.8
1788	0.000000	108.208363	0.000000	27.9
1789	-0.590711	108.174007	0.006867	28.7
1790	0.000000	108.139681	0.000000	30.3
1791	-0.709352	108.105383	0.006316	30.5
1792	0.000000	108.071115	0.000000	32.4
1793	-0.893746	108.036875	0.008259	31.1
1794	-0.636535	108.002665	0.005394	28.0
1795	-0.815740	107.968483	0.006154	28.8
1796	-0.337649	107.934330	0.003731	30.1
1797	-0.287979	107.900206	0.003361	30.6
1798	-0.948089	107.866111	0.007901	30.3
1799	-0.774288	107.832044	0.004854	28.7
1800	-0.823325	107.798007	0.007222	28.7
1801	-0.084167	107.763997	0.002259	31.0
1802	-0.593487	107.730017	0.006766	29.4
1803	-0.588608	107.696065	0.008930	31.1
1804	-0.000000	107.662141	0.000000	27.9
1805	-0.791871	107.628246	0.006690	28.9
1806	-0.320045	107.594379	0.004601	30.2
1807	-0.885086	107.560541	0.007208	30.2
1808	-0.563669	107.526731	0.006513	30.5
1809	0.000000	107.492949	0.000000	28.7
1810	-0.703623	107.459196	0.006945	28.7
1811	-0.159155	107.425471	0.002299	30.9
1812	0.000000	107.391774	0.000000	29.1
1813	-0.301903	107.358106	0.005655	31.0
1814	-0.661577	107.324465	0.006250	28.0
1815	-0.643933	107.290853	0.004950	29.4
1816	-0.563290	107.257268	0.005384	30.9
1817	-0.844808	107.223712	0.005291	29.8
1818	-0.416266	107.190184	0.005555	30.9
1819	-0.765748	107.156683	0.006994	28.3
1820	-0.610151	107.123211	0.005898	28.7
1821	-0.736234	107.089766	0.007645	29.8
1822	-0.847495	107.056349	0.004967	30.9
1823	-0.820107	107.022960	0.006460	30.7
1824	-0.658907	106.989599	0.005158	29.0
1825	-0.825344	106.956265	0.006944	29.7
1826	-0.424621	106.922960	0.004817	29.6
1827	-0.636776	106.889681	0.005278	30.0
1828	-0.084279	106.856431	0.003721	30.3
1829	-0.793642	106.823208	0.005931	28.9
1830	-0.738535	106.790012	0.008357	28.9
1831	-0.697700	106.756844	0.006271	29.2
1832	-0.602115	106.723703	0.006554	30.1
1833	-0.737541	106.690590	0.006516	32.0
1834	-0.918096	106.657505	0.006923	28.8
1835	-0.309817	106.624446	0.005312	29.6
1836	-0.861009	106.591415	0.004541	28.8
1837	-0.679838	106.558411	0.006361	30.5
1838	0.000000	106.525435	0.000000	30.6
1839	0.000000	106.492485	0.000000	30.7
1840	-0.565408	106.459563	0.006064	28.6
1841	-0.800001	106.426668	0.007762	28.8
1842	-0.636214	106.393800	0.007603	30.4
1843	-0.641954	106.360959	0.009063	35.0
1844	-0.831600	106.328145	0.006845	29.4
1845	-0.758907	106.295358	0.006107	31.7
1846	-0.928890	106.262598	0.006203	29.1
1847	-0.563655	106.229865	0.006395	28.9
1848	-0.590815	106.197158	0.006620	30.4
1849	-0.886117	106.164479	0.006193	30.7
1850	-0.947083	106.131826	0.007497	31.4
1851	-0.911329	106.099201	0.009153	29.3
1852	-0.520488	106.066602	0.006639	29.6
1853	-0.629521	106.034029	0.005623	28.4
1854	-0.674275	106.001483	0.006667	29.0
1855	-0.822597	105.968964	0.008736	31.0
1856	-0.196707	105.936472	0.003019	30.2
1857	0.000000	105.904006	0.000000	28.2
1858	-0.493610	105.871566	0.006422	29.6
1859	-0.534869	105.839153	0.005213	28.8
1860	-0.820961	105.806767	0.006702	30.3
1861	0.000000	105.774407	0.000000	30.4
1862	-0.547944	105.742073	0.006539	29.2
1863	0.000000	105.709766	0.000000	29.6
1864	-0.799827	105.677485	0.006812	28.4
1865	-1.039157	105.645230	0.009532	30.8
1866	-0.950114	105.613001	0.009038	31.1
1867	-0.959070	105.580799	0.007455	28.8
1868	-0.349160	105.548623	0.003292	29.3
1869	0.000000	105.516473	0.000000	28.9
1870	-0.373953	105.484349	0.005660	30.3
1871	-0.369955	105.452251	0.004722	30.8
1872	-0.871127	105.420179	0.005524	29.6
1873	-0.869827	105.388133	0.006381	28.6
1874	-0.827375	105.356113	0.007859	31.0
1875	-0.314239	105.324119	0.004903	28.8
1876	-0.129345	105.292151	0.001860	31.1
1877	0.000000	105.260209	0.000000	29.3
1878	-0.925558	105.228293	0.007415	28.1
1879	-0.068760	105.196402	0.002598	30.9
1880	-0.351666	105.164537	0.005375	30.3
1881	-0.314436	105.132698	0.005287	29.7
1882	-0.777085	105.100885	0.007190	31.6
1883	-0.831523	105.069097	0.006155	28.4
1884	-0.807061	105.037335	0.005316	29.5
1885	-0.509555	105.005598	0.005538	29.3
1886	-0.919477	104.973887	0.009225	30.8
1887	-0.667314	104.942202	0.005258	29.6
1888	-0.240436	104.910542	0.003084	28.9
1889	-0.562204	104.878907	0.006075	28.8
1890	-0.855850	104.847298	0.007678	30.2
1891	-0.885086	104.815715	0.008079	29.2
1892	0.000000	104.784156	0.000000	29.4
1893	-0.505075	104.752623	0.005295	28.9
1894	0.000000	104.721116	0.000000	28.9
1895	0.000000	104.689633	0.000000	29.8
1896	-0.385460	104.658176	0.005162	30.9
1897	-0.429622	104.626744	0.005439	29.3
1898	-0.774338	104.595337	0.006033	28.6
1899	-0.693621	104.563955	0.006848	29.1
1900	-0.548742	104.532599	0.005122	30.9
1901	-0.756153	104.501267	0.010606	31.1
1902	-0.569983	104.469960	0.006878	27.9
1903	-0.380394	104.438679	0.005304	29.5
1904	-0.851134	104.407422	0.007095	29.5
1905	-0.536096	104.376191	0.006199	31.1
1906	-0.937484	104.344984	0.006530	29.5
1907	-0.038247	104.313802	0.003439	31.1
1908	-0.961618	104.282645	0.008972	28.1
1909	-1.073543	104.251513	0.008349	29.0
1910	0.000000	104.220405	0.000000	30.2
1911	0.000000	104.189323	0.000000	29.7
1912	-0.645062	104.158265	0.004942	28.8
1913	-0.485458	104.127231	0.006950	30.0
1914	-0.255603	104.096222	0.003743	28.9
1915	-0.338149	104.065238	0.003125	30.9
1916	-0.648398	104.034279	0.006728	30.2
1917	-0.846086	104.003344	0.005385	28.5
1918	-0.819548	103.972433	0.006968	29.0
1919	-0.849547	103.941547	0.006126	29.8
1920	-0.528024	103.910686	0.006615	30.3
1921	-0.595996	103.879849	0.005385	30.3
1922	-0.478294	103.849036	0.005067	28.6
1923	-0.840459	103.818248	0.006478	28.3
1924	-0.913947	103.787484	0.007414	29.7
1925	-0.964958	103.756744	0.006853	31.4
1926	-0.936193	103.726029	0.008055	30.2
1927	0.000000	103.695338	0.000000	28.2
1928	-0.839870	103.664671	0.004823	29.9
1929	-0.960020	103.634028	0.007457	29.4
1930	-0.938178	103.603409	0.008331	30.7
1931	-0.398609	103.572814	0.005279	28.8
1932	-0.846416	103.542244	0.006812	29.7
1933	-0.338779	103.511698	0.005700	28.3
1934	-0.000001	103.481175	0.000001	30.0
1935	-0.941585	103.450677	0.008076	30.4
1936	-0.807259	103.420202	0.006949	29.3
1937	-0.662839	103.389752	0.007910	29.0
1938	-0.774214	103.359325	0.007181	28.8
1939	0.000000	103.328922	0.000000	30.9
1940	-0.967799	103.298543	0.007923	30.6
1941	-0.681440	103.268188	0.005640	31.0
1942	-0.787839	103.237857	0.008334	28.1
1943	-0.064575	103.207549	0.002328	29.2
1944	-0.528566	103.177265	0.005257	29.8
1945	0.000000	103.147005	0.000000	29.6
1946	-0.885655	103.116768	0.008085	29.2
1947	0.000000	103.086556	0.000000	30.7
1948	0.000000	103.056366	0.000000	29.0
1949	-0.286085	103.026200	0.003683	30.8
1950	0.000000	102.996058	0.000000	29.9
1951	-0.823820	102.965939	0.007470	30.5
1952	-0.322307	102.935844	0.005183	28.4
1953	-0.679508	102.905772	0.005966	30.0
1954	-0.811874	102.875724	0.005782	28.9
1955	-0.748147	102.845699	0.008501	29.9
1956	0.000000	102.815697	0.000000	29.8
1957	-0.508646	102.785719	0.006505	28.5
1958	-0.839033	102.755764	0.006516	28.9
1959	-0.782435	102.725832	0.007512	30.7
1960	-0.368102	102.695924	0.005177	30.5
1961	-0.322775	102.666038	0.004284	27.8
1962	-0.533707	102.636176	0.006740	28.6
1963	-0.742288	102.606337	0.006350	30.0
1964	-0.697272	102.576521	0.007100	31.1
1965	-0.546079	102.546728	0.005259	30.3
1966	-0.614801	102.516959	0.006024	28.5
1967	-0.704501	102.487212	0.005662	29.0
1968	-0.214456	102.457488	0.003271	29.6
1969	-0.816491	102.427788	0.005558	30.2
1970	-0.886588	102.398110	0.006294	30.2
1971	-0.437913	102.368455	0.004728	28.7
1972	-0.632984	102.338823	0.006476	29.4
1973	-0.527917	102.309214	0.006469	29.9
1974	-0.699756	102.279628	0.008993	31.0
1975	-0.911658	102.250064	0.006176	30.1
1976	-0.943293	102.220524	0.006541	28.8
1977	-0.382864	102.191006	0.005631	29.7
1978	-0.886662	102.161511	0.007286	29.6
1979	-0.528758	102.132038	0.005134	30.4
1980	-0.132880	102.102588	0.002316	30.8
1981	-0.816488	102.073161	0.007982	28.9
1982	-0.370718	102.043757	0.003643	29.2
1983	-0.331535	102.014375	0.004537	28.9
1984	0.000000	101.985015	0.000000	31.6
1985	-0.548169	101.955678	0.004345	30.3
1986	-0.635050	101.926364	0.005933	30.5
1987	-0.657368	101.897072	0.004655	28.4
1988	-0.001430	101.867802	0.000551	29.0
1989	0.000000	101.838555	0.000000	30.5
1990	-0.417908	101.809330	0.003312	31.4
1991	-0.930156	101.780128	0.006510	30.1
1992	-0.874287	101.750948	0.006299	28.5
1993	-0.867832	101.721790	0.006637	29.3
1994	-0.231659	101.692654	0.004646	28.4
1995	0.000000	101.663541	0.000000	31.0
1996	-0.786287	101.634450	0.008290	28.5
1997	-0.023765	101.605381	0.003649	28.4
1998	0.000000	101.576335	0.000000	28.7
1999	-0.940916	101.547310	0.007694	30.4
