1:ItNr	2:Metric	3:StepSize	4:||Gradient||	Time[ms]
0	-0.682507	627.201626	0.021963	663.8
1	-0.915680	623.504937	0.016612	3.9
2	-0.588808	619.865785	0.006623	3.4
3	-0.476405	616.282728	0.007204	5.0
4	-0.346283	612.754375	0.005224	4.3
5	-0.305061	609.279381	0.005549	3.7
6	-0.567872	605.856447	0.010532	3.7
7	-0.120518	602.484317	0.001509	5.0
8	-0.759627	599.161779	0.011057	3.7
9	-0.485836	595.887656	0.005832	3.7
10	-0.893138	592.660813	0.018023	3.9
11	-0.691516	589.480151	0.008832	4.0
12	-0.690483	586.344606	0.009305	3.9
13	-0.292275	583.253145	0.002745	3.5
14	-0.900550	580.204771	0.009389	3.8
15	-0.766895	577.198517	0.012390	3.9
16	-0.459382	574.233444	0.004119	4.0
17	-0.766892	571.308645	0.029819	3.7
18	-0.637548	568.423237	0.015891	3.4
19	-0.540369	565.576365	0.009705	4.7
20	-0.094109	562.767201	0.001468	3.5
21	-0.458063	559.994938	0.009184	3.7
22	-0.667942	557.258797	0.008904	4.0
23	-0.000000	554.558018	0.000000	6.4
24	-0.844831	551.891865	0.015163	4.1
25	-0.776922	549.259621	0.014259	3.7
26	-0.424291	546.660592	0.014842	4.3
27	-0.641720	544.094102	0.011063	3.5
28	-0.928441	541.559494	0.019254	3.7
29	-0.873178	539.056129	0.026854	4.0
30	-0.000000	536.583387	0.000000	4.4
31	-0.615157	534.140663	0.004011	3.4
32	-0.222227	531.727370	0.005049	3.6
33	-0.957150	529.342935	0.025277	4.2
34	-0.892018	526.986802	0.032237	4.6
35	-0.000000	524.658430	0.000000	3.7
36	-0.344915	522.357290	0.005422	3.5
37	-0.899242	520.082868	0.016986	5.3
38	-0.592379	517.834665	0.009256	4.0
39	-0.762281	515.612193	0.012347	3.5
40	-0.783527	513.414976	0.016417	3.8
41	-0.649696	511.242551	0.023536	5.0
42	-0.541944	509.094468	0.028914	3.4
43	-0.647046	506.970285	0.014934	3.3
44	0.000000	504.869574	0.000000	3.3
45	-0.991154	502.791916	0.026770	5.1
46	-0.841011	500.736903	0.029691	4.0
47	-0.587028	498.704137	0.009792	3.5
48	-0.000429	496.693228	0.000166	3.6
49	-0.780809	494.703798	0.005025	5.4
50	-0.913761	492.735476	0.027559	3.5
51	-0.000000	490.787900	0.000000	3.4
52	-0.576912	488.860718	0.013589	3.7
53	-0.938052	486.953585	0.017943	4.6
54	-0.967944	485.066164	0.021259	4.5
55	-0.934292	483.198126	0.012474	3.5
56	-0.617100	481.349149	0.013970	3.9
57	-0.291388	479.518920	0.009574	4.6
58	-0.454552	477.707132	0.004931	4.1
59	-0.882158	475.913485	0.012018	3.5
60	-0.867384	474.137684	0.014194	3.8
61	-0.502182	472.379445	0.007182	4.3
62	-0.286313	470.638485	0.008316	4.0
63	-0.000000	468.914531	0.000000	3.6
64	-0.808979	467.207315	0.011910	4.0
65	-0.495758	465.516573	0.005112	4.7
66	-0.503234	463.842050	0.012348	4.0
67	-0.576486	462.183494	0.007173	3.7
68	-0.904846	460.540658	0.006683	4.1
69	-0.000000	458.913303	0.000000	4.4
70	-0.000000	457.301192	0.000000	4.2
71	-0.984351	455.704096	0.019768	3.5
72	-0.720761	454.121787	0.013473	3.4
73	-1.105625	452.554045	0.009366	3.9
74	-0.555033	451.000653	0.006991	4.6
75	-0.890084	449.461399	0.011893	3.6
76	-0.383122	447.936075	0.011281	3.7
77	-0.996252	446.424477	0.012433	3.7
78	-0.657344	444.926406	0.019617	4.0
79	-0.572321	443.441666	0.003815	3.6
80	-0.729439	441.970065	0.017664	3.6
81	-0.497119	440.511415	0.028160	3.4
82	-0.630791	439.065533	0.007331	4.0
83	-0.741446	437.632238	0.009521	3.6
84	-0.002698	436.211351	0.000552	4.4
85	-0.786544	434.802701	0.016846	3.6
86	-0.000000	433.406117	0.000000	3.8
87	0.000000	432.021430	0.000000	4.1
88	0.000000	430.648479	0.000000	4.4
89	-0.998012	429.287101	0.011455	3.5
90	-0.907281	427.937140	0.013399	4.0
91	-0.710186	426.598440	0.008726	6.1
92	-0.355911	425.270849	0.004402	5.4
93	-0.014474	423.954220	0.003881	4.0
94	-0.773186	422.648404	0.009379	5.9
95	-0.716294	421.353259	0.013850	4.3
96	0.000000	420.068643	0.000000	3.5
97	-0.760809	418.794419	0.022407	5.8
98	-1.005420	417.530451	0.036187	4.7
99	-0.000000	416.276604	0.000000	3.7
100	-0.946559	415.032748	0.012598	3.4
101	-0.995162	413.798754	0.010824	4.6
102	-0.000000	412.574495	0.000000	3.5
103	-1.000532	411.359849	0.018335	3.6
104	-0.561573	410.154691	0.012400	3.4
105	-0.829563	408.958904	0.007473	3.7
106	-1.118057	407.772368	0.012629	4.4
107	-0.466616	406.594968	0.008688	3.9
108	-0.253203	405.426590	0.006551	4.0
109	-0.821901	404.267122	0.033632	4.5
110	-0.701384	403.116456	0.027500	4.1
111	-0.890221	401.974481	0.011017	3.3
112	-0.968318	400.841093	0.015170	3.3
113	-0.822232	399.716187	0.022981	3.8
114	-0.931808	398.599660	0.015066	4.2
115	-1.193886	397.491411	0.021239	3.7
116	-0.001198	396.391342	0.000626	3.3
117	-0.871684	395.299353	0.008354	3.5
118	-0.880438	394.215350	0.007036	4.2
119	-0.881669	393.139238	0.013994	4.3
120	-0.809677	392.070924	0.008578	3.5
121	-0.887605	391.010316	0.007875	4.1
122	-0.504094	389.957325	0.006960	4.4
123	-0.868308	388.911862	0.009026	4.6
124	-0.861949	387.873839	0.011391	3.9
125	-0.895855	386.843173	0.007799	3.9
126	0.000000	385.819777	0.000000	4.3
127	-0.760277	384.803569	0.035914	4.2
128	-0.926549	383.794468	0.012899	3.9
129	-0.000000	382.792393	0.000000	3.6
130	-1.077173	381.797264	0.009725	4.3
131	-0.689712	380.809005	0.031781	4.1
132	-1.045783	379.827537	0.008383	3.6
133	-0.644697	378.852786	0.009983	3.4
134	-0.734981	377.884678	0.013672	3.6
135	-0.653357	376.923138	0.009567	4.0
136	-0.000002	375.968095	0.000001	3.7
137	-0.799010	375.019479	0.006737	3.4
138	-0.616748	374.077218	0.006465	3.7
139	-0.873144	373.141244	0.008600	3.9
140	-0.834037	372.211489	0.024799	3.4
141	-0.587163	371.287887	0.008546	4.4
142	-0.534191	370.370370	0.041215	3.9
143	-0.948800	369.458876	0.038211	3.5
144	-1.018316	368.553338	0.017173	3.8
145	-0.882246	367.653696	0.011328	4.4
146	-0.926507	366.759885	0.014591	3.8
147	-0.998370	365.871846	0.024860	3.6
148	-0.774344	364.989518	0.032149	3.8
149	-0.672530	364.112841	0.006426	4.4
150	-0.004619	363.241757	0.000319	3.3
151	-0.817737	362.376208	0.049955	3.4
152	-0.000000	361.516137	0.000000	3.5
153	-0.814129	360.661488	0.007572	4.4
154	-1.043133	359.812206	0.010714	3.5
155	-0.906807	358.968236	0.021046	3.4
156	-0.775315	358.129524	0.024790	3.4
157	-0.860022	357.296018	0.009802	4.3
158	0.000000	356.467665	0.000000	3.3
159	-0.840739	355.644414	0.008150	3.8
160	-0.725723	354.826213	0.008695	3.6
161	-0.808478	354.013012	0.008320	4.3
162	-0.414652	353.204763	0.016939	3.3
163	-0.000000	352.401415	0.000000	3.7
164	-0.998207	351.602922	0.029757	3.3
165	-0.000000	350.809235	0.000000	4.4
166	-0.145275	350.020308	0.010221	4.2
167	-0.952784	349.236095	0.011368	3.5
168	-0.982084	348.456550	0.011707	4.0
169	-0.660258	347.681627	0.011034	4.4
170	-0.765610	346.911283	0.012290	4.3
171	-0.852426	346.145474	0.008781	3.6
172	-0.789485	345.384157	0.016504	3.5
173	-1.159147	344.627288	0.009092	5.4
174	-0.869525	343.874826	0.027597	5.0
175	0.000000	343.126729	0.000000	3.4
176	-0.830965	342.382957	0.008063	3.6
177	-1.031859	341.643469	0.018889	5.9
178	-0.842797	340.908224	0.032219	4.0
179	-0.906390	340.177184	0.008926	3.9
180	-0.677414	339.450309	0.008422	3.5
181	-0.350588	338.727561	0.006507	5.6
182	-0.905896	338.008902	0.013139	3.7
183	-0.000000	337.294295	0.000000	3.8
184	-0.471615	336.583703	0.007641	4.2
185	-0.649277	335.877089	0.006689	5.8
186	-0.695533	335.174416	0.007097	3.7
187	-0.787385	334.475651	0.011500	3.6
188	-0.000000	333.780756	0.000000	4.8
189	-0.000000	333.089698	0.000000	5.3
190	-0.153641	332.402443	0.005020	3.6
191	-0.514088	331.718955	0.004277	3.5
192	-0.631648	331.039203	0.006873	4.9
193	0.000000	330.363153	0.000000	4.0
194	-0.742127	329.690771	0.005622	3.7
195	-0.758222	329.022027	0.010426	3.5
196	-0.482612	328.356888	0.009960	3.7
197	-0.000000	327.695322	0.000000	4.0
198	-0.498341	327.037299	0.007843	4.4
199	-0.108229	326.382787	0.003162	3.4
200	-0.907688	325.731758	0.020371	3.8
201	-0.000000	325.084179	0.000000	3.3
202	-1.022594	324.440023	0.019911	5.0
203	-0.538416	323.799258	0.004980	3.4
204	-0.474407	323.161858	0.004728	4.0
205	0.000000	322.527792	0.000000	4.0
206	-0.468450	321.897034	0.002959	4.2
207	-0.000000	321.269554	0.000000	3.9
208	-0.001194	320.645325	0.000004	3.6
209	-1.085755	320.024320	0.024366	4.1
210	-0.000937	319.406512	0.000367	4.9
211	-0.816326	318.791875	0.009405	3.9
212	-0.880582	318.180381	0.009232	3.9
213	-0.838666	317.572005	0.005699	4.9
214	-0.587267	316.966721	0.021020	4.8
215	0.000000	316.364504	0.000000	4.8
216	-0.606028	315.765329	0.007881	5.7
217	-0.505107	315.169170	0.024851	4.4
218	-0.518214	314.576003	0.024016	4.5
219	-0.422825	313.985804	0.003934	5.7
220	-0.889337	313.398548	0.011524	5.5
221	-0.839794	312.814213	0.014066	4.1
222	-0.067852	312.232773	0.002113	6.3
223	-0.329111	311.654207	0.003087	5.3
224	-0.547069	311.078491	0.006288	4.0
225	-0.638942	310.505602	0.017749	4.0
226	-0.750424	309.935518	0.024191	5.7
227	-0.703409	309.368217	0.009725	4.4
228	-0.689608	308.803676	0.006937	3.8
229	-0.000000	308.241874	0.000000	4.8
230	-0.692754	307.682789	0.007822	5.0
231	-0.000000	307.126400	0.000000	4.0
232	0.000000	306.572687	0.000000	3.8
233	-1.012274	306.021627	0.016013	4.7
234	-0.738651	305.473201	0.013937	5.1
235	-0.000000	304.927388	0.000000	4.1
236	-0.733425	304.384168	0.004839	3.9
237	-1.027137	303.843521	0.022600	6.3
238	-0.695108	303.305427	0.007343	4.1
239	-0.387254	302.769867	0.004560	3.9
240	-0.846531	302.236821	0.014710	5.4
241	-0.969318	301.706270	0.020368	4.2
242	-0.952020	301.178196	0.009184	4.1
243	-1.021339	300.652580	0.027070	4.1
244	-0.918086	300.129402	0.011570	4.7
245	-1.008283	299.608645	0.017872	5.2
246	-0.000000	299.090291	0.000000	4.1
247	-0.455024	298.574321	0.004254	4.0
248	-0.989786	298.060718	0.008279	4.1
249	-1.135770	297.549465	0.009335	5.1
250	-0.664786	297.040543	0.004301	3.8
251	-0.069547	296.533936	0.007173	4.3
252	-0.178141	296.029626	0.003082	5.2
253	-0.831706	295.527597	0.007181	3.9
254	-0.493330	295.027832	0.004618	3.7
255	-0.511456	294.530315	0.006188	4.9
256	-0.069947	294.035028	0.001801	4.7
257	-0.781746	293.541956	0.011033	3.9
258	-0.000000	293.051083	0.000000	3.7
259	-0.560438	292.562393	0.005592	5.1
260	-0.040224	292.075870	0.003023	4.1
261	-0.932451	291.591498	0.028259	4.2
262	-0.348696	291.109263	0.008350	4.1
263	-0.769268	290.629149	0.007679	6.3
264	-0.823010	290.151140	0.008307	3.3
265	-0.832489	289.675222	0.019535	3.6
266	0.000000	289.201380	0.000000	5.3
267	-0.409429	288.729600	0.005478	4.0
268	-0.796553	288.259866	0.025402	3.8
269	-0.922194	287.792165	0.008170	4.0
270	-0.000000	287.326481	0.000000	6.4
271	-0.004267	286.862802	0.001571	3.9
272	-1.001660	286.401113	0.019177	4.0
273	-0.942275	285.941400	0.009647	5.1
274	-1.082456	285.483649	0.016756	5.1
275	-1.065277	285.027847	0.014526	4.0
276	-0.889452	284.573981	0.009327	3.8
277	-0.892608	284.122037	0.022056	5.5
278	-0.829159	283.672002	0.005226	3.9
279	0.000000	283.223863	0.000000	3.7
280	-0.777061	282.777607	0.015999	4.4
281	-0.000000	282.333221	0.000000	5.0
282	-0.717813	281.890692	0.009092	4.0
283	-0.002645	281.450008	0.001101	4.4
284	-0.599187	281.011157	0.007759	5.0
285	-0.665487	280.574125	0.008768	4.7
286	-0.135020	280.138901	0.009374	3.8
287	-0.970895	279.705473	0.020807	3.8
288	-0.000000	279.273829	0.000000	5.4
289	-0.100727	278.843956	0.002564	3.9
290	-0.960163	278.415844	0.015049	4.0
291	-0.836120	277.989479	0.024766	3.7
292	0.000000	277.564851	0.000000	5.3
293	-0.204180	277.141949	0.004647	3.9
294	-1.062904	276.720761	0.023240	3.6
295	-0.109628	276.301275	0.007450	4.1
296	-0.460244	275.883480	0.006143	4.4
297	-1.004413	275.467366	0.018619	4.6
298	-1.003522	275.052922	0.028941	3.9
299	-0.820710	274.640136	0.017979	3.4
300	-0.514016	274.228998	0.005773	3.9
301	-0.889194	273.819497	0.017908	4.3
302	-0.039796	273.411623	0.001438	3.6
303	-0.664567	273.005365	0.005643	4.2
304	0.000000	272.600712	0.000000	4.4
305	-0.498949	272.197655	0.008476	5.1
306	-0.000000	271.796184	0.000000	3.9
307	-0.000000	271.396287	0.000000	4.2
308	0.000000	270.997956	0.000000	4.6
309	-0.998826	270.601180	0.006518	3.9
310	0.000000	270.205949	0.000000	3.9
311	-0.753951	269.812254	0.005461	4.0
312	-0.895319	269.420085	0.009613	5.1
313	-0.945762	269.029432	0.009937	4.0
314	-0.540309	268.640287	0.007833	3.8
315	-0.895555	268.252638	0.020668	5.3
316	-0.827361	267.866478	0.021386	4.7
317	-0.802021	267.481796	0.011922	3.8
318	-0.541306	267.098584	0.005191	13.7
319	-0.375224	266.716833	0.009850	7.1
320	-0.572338	266.336533	0.012033	8.9
321	0.000000	265.957676	0.000000	7.4
322	-0.374942	265.580253	0.004254	8.4
323	-0.863081	265.204254	0.008882	7.5
324	-0.090443	264.829672	0.002929	9.4
325	-1.070220	264.456497	0.017582	7.0
326	-0.000000	264.084721	0.000000	8.8
327	0.000000	263.714335	0.000000	6.8
328	-0.660812	263.345332	0.007931	9.1
329	-0.094498	262.977702	0.005835	7.7
330	-0.895710	262.611438	0.009722	8.6
331	-0.810079	262.246531	0.009504	6.9
332	-0.000000	261.882973	0.000000	8.5
333	-0.793596	261.520756	0.008434	7.2
334	-0.498462	261.159871	0.007904	7.7
335	-0.834845	260.800312	0.010468	8.2
336	-1.074852	260.442070	0.008652	8.0
337	-0.682566	260.085137	0.007972	7.9
338	-0.783030	259.729505	0.012311	8.2
339	-0.394865	259.375167	0.003031	7.5
340	0.000000	259.022116	0.000000	8.0
341	-0.889933	258.670343	0.018341	7.7
342	-0.526397	258.319841	0.010548	7.7
343	-0.745504	257.970602	0.007294	8.3
344	-0.473134	257.622620	0.005241	7.4
345	-0.010824	257.275887	0.001108	7.2
346	-0.726349	256.930396	0.022842	8.2
347	-1.087670	256.586139	0.020470	7.2
348	-0.798068	256.243109	0.008236	8.7
349	-1.143974	255.901300	0.010473	7.3
350	-0.936381	255.560703	0.032833	8.6
351	-0.000000	255.221313	0.000000	7.2
352	-0.942620	254.883122	0.006769	7.7
353	-0.830942	254.546124	0.008105	7.6
354	-1.182560	254.210311	0.034305	9.0
355	-0.869879	253.875677	0.007136	6.9
356	-0.423242	253.542215	0.005787	7.6
357	-0.569033	253.209918	0.004067	7.3
358	-0.000000	252.878781	0.000000	6.6
359	-0.520535	252.548795	0.004685	6.9
360	-0.000000	252.219956	0.000000	6.6
361	-0.694288	251.892255	0.006808	7.0
362	-0.673194	251.565688	0.008653	7.7
363	-0.916772	251.240247	0.042580	7.6
364	-0.741600	250.915926	0.025192	6.9
365	-0.999276	250.592720	0.020867	7.8
366	-0.623193	250.270621	0.008307	7.5
367	-0.502323	249.949624	0.005219	6.8
368	0.000000	249.629723	0.000000	8.3
369	-0.854962	249.310911	0.019013	6.7
370	-0.000000	248.993182	0.000000	7.7
371	-0.886488	248.676531	0.010223	7.6
372	-0.000000	248.360952	0.000000	9.6
373	-1.112715	248.046438	0.012721	6.8
374	-0.754085	247.732984	0.010899	8.0
375	-0.574176	247.420584	0.006076	7.8
376	-0.654118	247.109233	0.007887	8.3
377	-0.000000	246.798924	0.000000	7.0
378	-1.063008	246.489652	0.006631	8.4
379	-0.551145	246.181412	0.003407	7.2
380	-0.001020	245.874197	0.000576	7.4
381	0.000000	245.568002	0.000000	6.7
382	-0.559663	245.262822	0.003274	7.5
383	-0.674231	244.958652	0.005419	7.0
384	-0.660654	244.655485	0.004484	7.9
385	-0.000000	244.353317	0.000000	7.2
386	-1.057816	244.052142	0.008739	7.6
387	-1.064845	243.751955	0.017404	7.1
388	-0.810903	243.452750	0.007134	6.8
389	-0.000000	243.154523	0.000000	7.5
390	-0.636449	242.857268	0.010485	9.8
391	-0.556123	242.560980	0.006416	9.4
392	-0.677898	242.265654	0.003842	7.7
393	-0.000000	241.971285	0.000000	8.2
394	-0.000000	241.677868	0.000000	7.2
395	-1.195375	241.385397	0.013050	7.5
396	-0.502991	241.093869	0.006827	7.7
397	-1.028685	240.803278	0.007362	7.5
398	-1.087126	240.513619	0.007629	7.1
399	-0.661749	240.224887	0.007215	9.5
400	-0.000000	239.937077	0.000000	6.7
401	-0.997207	239.650186	0.034269	7.8
402	-0.816091	239.364207	0.007739	6.9
403	-1.076325	239.079136	0.010562	7.4
404	-0.867068	238.794969	0.016922	7.1
405	-0.185009	238.511701	0.002833	7.3
406	-0.986661	238.229327	0.008039	7.1
407	-1.043569	237.947843	0.011855	7.2
408	-0.982093	237.667244	0.009197	7.4
409	-0.364115	237.387526	0.009667	8.0
410	-0.583013	237.108684	0.014902	7.5
411	-1.123569	236.830714	0.007831	7.3
412	-1.038205	236.553610	0.033415	7.4
413	-0.000000	236.277370	0.000000	10.4
414	-0.475144	236.001989	0.005700	7.1
415	-0.000000	235.727461	0.000000	7.7
416	-0.752931	235.453784	0.010927	7.0
417	-0.975364	235.180952	0.012741	7.3
418	-0.781537	234.908962	0.010692	7.1
419	-0.531318	234.637809	0.005505	6.9
420	-0.689611	234.367488	0.004876	7.2
421	-1.023137	234.097997	0.017432	7.0
422	-0.584896	233.829331	0.006481	7.2
423	-1.189237	233.561485	0.011619	7.3
424	-0.468896	233.294456	0.005658	7.4
425	-0.912341	233.028239	0.007563	7.7
426	-0.803244	232.762831	0.011110	7.4
427	-0.940808	232.498228	0.014136	7.3
428	-0.602561	232.234425	0.005642	6.8
429	-0.000000	231.971419	0.000000	7.4
430	-0.687351	231.709205	0.009296	6.9
431	-0.552903	231.447781	0.006688	7.2
432	-0.465966	231.187141	0.003879	7.3
433	-1.128130	230.927283	0.012831	7.1
434	0.000000	230.668202	0.000000	7.2
435	-0.990453	230.409895	0.030451	6.6
436	-0.369619	230.152358	0.010056	6.9
437	-0.000000	229.895587	0.000000	6.2
438	-0.625693	229.639578	0.008218	7.7
439	-1.121338	229.384329	0.007792	6.6
440	-1.073719	229.129834	0.014368	7.2
441	-0.967588	228.876091	0.012066	6.8
442	-0.875861	228.623096	0.008535	7.9
443	-0.996171	228.370846	0.012721	6.7
444	-0.772302	228.119336	0.004722	7.0
445	-0.000000	227.868563	0.000000	7.3
446	-0.000000	227.618525	0.000000	6.8
447	-1.121131	227.369216	0.014347	7.5
448	-0.692425	227.120635	0.006034	6.9
449	-1.034668	226.872777	0.018503	7.2
450	-1.100546	226.625638	0.019941	6.8
451	-0.984321	226.379217	0.006413	7.4
452	-0.659170	226.133509	0.005752	6.7
453	-1.053057	225.888510	0.033006	7.3
454	-0.703461	225.644218	0.037664	7.3
455	-1.264706	225.400630	0.007803	6.7
456	-0.921918	225.157741	0.012178	7.1
457	-0.645621	224.915549	0.005328	6.6
458	-0.000000	224.674051	0.000000	6.6
459	-0.137850	224.433242	0.001856	7.6
460	-0.087228	224.193121	0.009897	6.7
461	0.000000	223.953684	0.000000	7.5
462	-0.781099	223.714927	0.009288	6.9
463	0.000000	223.476848	0.000000	8.1
464	-0.759001	223.239444	0.006460	7.2
465	-0.757470	223.002710	0.011522	8.6
466	-0.019204	222.766645	0.000320	7.1
467	-0.000000	222.531245	0.000000	10.1
468	-0.000000	222.296508	0.000000	7.3
469	-1.053742	222.062429	0.011318	8.7
470	-0.063007	221.829007	0.002820	6.7
471	-0.732895	221.596238	0.006137	7.1
472	-0.716668	221.364119	0.006007	6.6
473	-1.063825	221.132647	0.019602	7.1
474	-0.943397	220.901820	0.010458	6.6
475	-0.750885	220.671634	0.011822	8.0
476	-0.817704	220.442086	0.008944	6.8
477	-0.847313	220.213174	0.008530	7.1
478	0.000000	219.984895	0.000000	7.1
479	-0.061640	219.757246	0.003972	6.9
480	-0.917962	219.530224	0.017839	7.1
481	-0.834388	219.303826	0.008774	6.5
482	-0.720582	219.078050	0.009170	7.1
483	-0.977366	218.852893	0.007578	6.6
484	-0.712316	218.628352	0.007642	7.6
485	-0.929144	218.404424	0.007880	6.8
486	-1.090186	218.181106	0.024753	6.8
487	-0.907580	217.958397	0.008589	7.6
488	-0.821878	217.736292	0.007427	7.2
489	0.000000	217.514790	0.000000	8.0
490	0.000000	217.293888	0.000000	8.5
491	-0.586300	217.073584	0.006836	7.6
492	-0.388190	216.853873	0.008152	7.5
493	-0.615470	216.634755	0.006517	7.1
494	-0.966911	216.416227	0.011859	7.1
495	-0.861163	216.198285	0.014352	6.7
496	-0.868339	215.980927	0.004501	7.4
497	-0.933278	215.764151	0.017999	6.8
498	-0.555079	215.547955	0.005447	7.3
499	-0.742048	215.332335	0.005143	6.6
500	-1.057757	215.117289	0.021442	7.4
501	-1.012128	214.902815	0.013833	7.1
502	-0.972486	214.688911	0.010907	7.3
503	-0.797269	214.475573	0.009088	6.6
504	-0.852376	214.262800	0.013495	8.9
505	-0.840922	214.050588	0.007421	6.7
506	-0.451501	213.838936	0.004389	7.8
507	-0.085252	213.627842	0.003193	6.6
508	-1.022394	213.417302	0.028626	7.0
509	-0.000000	213.207314	0.000000	6.9
510	-0.870558	212.997877	0.017672	6.8
511	-0.791713	212.788987	0.009420	7.1
512	-0.992942	212.580642	0.042224	6.6
513	-0.221384	212.372841	0.003649	7.5
514	-0.838236	212.165581	0.007310	6.6
515	-0.000000	211.958859	0.000000	7.0
516	0.000000	211.752673	0.000000	7.1
517	-0.507488	211.547021	0.013294	7.0
518	-1.049394	211.341902	0.005527	7.3
519	-1.046327	211.137311	0.011848	6.7
520	-0.988946	210.933248	0.009968	7.1
521	0.000000	210.729710	0.000000	6.6
522	-1.149686	210.526695	0.014780	7.3
523	-1.025505	210.324200	0.005120	7.6
524	0.000000	210.122224	0.000000	7.0
525	-1.054785	209.920765	0.033174	7.2
526	-0.000047	209.719820	0.000011	7.5
527	-0.000000	209.519387	0.000000	11.8
528	-0.000000	209.319463	0.000000	4.6
529	-0.982529	209.120048	0.006758	4.1
530	-0.976004	208.921139	0.006872	4.9
531	-0.714435	208.722733	0.011752	4.0
532	-0.714724	208.524829	0.006964	4.0
533	-0.724824	208.327425	0.019642	4.2
534	-0.345523	208.130518	0.010990	4.7
535	-0.663732	207.934107	0.004561	3.9
536	-0.000000	207.738189	0.000000	4.0
537	-1.213398	207.542762	0.010573	4.8
538	-1.032674	207.347825	0.007153	3.6
539	0.000000	207.153376	0.000000	3.4
540	-0.279213	206.959412	0.004006	3.4
541	-0.000000	206.765932	0.000000	4.4
542	-1.013746	206.572933	0.007807	3.5
543	-1.006060	206.380414	0.007386	3.4
544	-0.698417	206.188373	0.005703	3.4
545	-0.747687	205.996807	0.008635	4.8
546	-0.987903	205.805716	0.039410	3.6
547	-0.580027	205.615096	0.013396	3.4
548	-0.850051	205.424946	0.008616	3.4
549	-0.000000	205.235265	0.000000	4.3
550	-0.674036	205.046050	0.012338	4.1
551	-0.000000	204.857299	0.000000	3.6
552	-0.000000	204.669011	0.000000	3.5
553	-1.025662	204.481184	0.008327	4.2
554	-0.767550	204.293816	0.013624	4.1
555	-0.920637	204.106905	0.009198	3.5
556	-0.000766	203.920449	0.000422	3.4
557	-0.710766	203.734447	0.009317	3.5
558	-0.636308	203.548896	0.009424	3.8
559	-0.695293	203.363795	0.006236	3.4
560	-0.000000	203.179143	0.000000	3.3
561	-0.802973	202.994937	0.015145	3.4
562	-0.693182	202.811176	0.005596	4.3
563	-0.000000	202.627857	0.000000	4.0
564	-1.125151	202.444980	0.026633	3.5
565	-0.750537	202.262543	0.008095	4.6
566	-0.000000	202.080543	0.000000	4.2
567	-0.613757	201.898979	0.007334	3.8
568	-0.849275	201.717849	0.007416	3.5
569	-0.757278	201.537153	0.007763	3.6
570	-1.012682	201.356887	0.011970	4.3
571	-0.000000	201.177050	0.000000	4.0
572	-0.674111	200.997642	0.003586	3.6
573	-0.471365	200.818659	0.005048	3.5
574	-0.873986	200.640100	0.006005	3.6
575	-0.135049	200.461965	0.002420	4.1
576	-1.072183	200.284250	0.015586	3.4
577	-0.791822	200.106955	0.008463	3.6
578	-0.715023	199.930078	0.007878	3.4
579	0.000000	199.753617	0.000000	4.2
580	-0.901720	199.577571	0.007620	3.4
581	-0.967474	199.401938	0.011161	3.6
582	-0.851301	199.226717	0.006857	3.4
583	-0.632560	199.051905	0.004604	3.4
584	-0.768821	198.877502	0.010219	3.4
585	-1.045662	198.703506	0.013587	4.6
586	-0.589947	198.529916	0.006146	4.0
587	-0.778008	198.356729	0.016233	3.5
588	-0.620295	198.183944	0.004904	3.5
589	-0.340495	198.011560	0.003943	8.7
590	-0.385142	197.839576	0.016928	4.0
591	-0.858229	197.667989	0.002514	3.5
592	-0.730626	197.496798	0.013693	4.1
593	-0.377909	197.326002	0.002501	3.6
594	-1.119550	197.155600	0.022715	3.5
595	-0.698268	196.985589	0.008017	3.5
596	-0.501693	196.815969	0.004312	4.5
597	-1.014893	196.646738	0.012943	3.5
598	-0.882406	196.477894	0.015400	3.5
599	-0.728054	196.309436	0.006004	3.4
600	-0.298087	196.141363	0.004604	4.0
601	-1.017897	195.973673	0.014814	4.1
602	-0.000000	195.806365	0.000000	3.5
603	-1.193141	195.639437	0.008703	3.5
604	-1.003987	195.472888	0.025307	5.9
605	-0.952724	195.306717	0.015329	4.1
606	-0.000000	195.140922	0.000000	3.8
607	-0.977608	194.975501	0.017110	4.4
608	-0.120874	194.810454	0.001428	4.5
609	-0.897867	194.645779	0.008980	3.6
610	-0.740693	194.481475	0.004935	3.6
611	-0.893052	194.317540	0.007541	5.4
612	-1.102189	194.153973	0.007302	3.5
613	-0.165561	193.990773	0.004489	3.6
614	-1.003033	193.827938	0.011309	3.6
615	-0.000000	193.665467	0.000000	4.6
616	-0.944606	193.503358	0.005900	3.7
617	-0.799681	193.341611	0.010818	3.6
618	-0.832063	193.180224	0.009616	3.8
619	-1.039081	193.019196	0.020054	4.0
620	-0.000000	192.858525	0.000000	4.3
621	-0.766020	192.698210	0.004929	3.5
622	-0.806022	192.538251	0.011072	3.6
623	-0.676249	192.378644	0.004534	3.7
624	-1.181800	192.219391	0.016377	4.1
625	-1.071180	192.060488	0.011995	3.6
626	-0.686548	191.901935	0.008223	3.5
627	-1.018905	191.743730	0.008888	3.4
628	-0.565070	191.585873	0.005877	4.4
629	-0.963978	191.428362	0.005614	3.5
630	-0.955783	191.271196	0.013015	3.7
631	-0.435015	191.114374	0.003382	3.4
632	-1.084364	190.957893	0.018691	4.8
633	-0.940977	190.801755	0.011002	4.4
634	-1.036666	190.645956	0.006462	3.7
635	-0.936599	190.490495	0.011509	3.5
636	-0.719594	190.335373	0.009351	3.8
637	-0.466676	190.180587	0.006936	3.6
638	-0.615175	190.026136	0.003880	4.6
639	-0.514527	189.872019	0.004204	3.6
640	-0.981237	189.718235	0.012776	3.5
641	-0.737970	189.564782	0.003810	3.6
642	-0.719174	189.411661	0.005463	4.3
643	-0.711432	189.258868	0.006419	3.7
644	-0.925591	189.106404	0.011365	3.4
645	-0.736798	188.954267	0.006553	3.4
646	-0.990923	188.802456	0.012612	4.5
647	-0.570888	188.650969	0.005322	3.6
648	-1.055465	188.499807	0.011929	3.4
649	-0.803388	188.348967	0.004869	3.5
650	-0.690702	188.198448	0.004125	4.5
651	-0.869764	188.048250	0.015433	3.5
652	-0.861043	187.898371	0.016583	3.4
653	-0.352588	187.748810	0.004792	3.4
654	-0.667692	187.599566	0.008781	4.3
655	-1.050895	187.450638	0.010219	3.7
656	-0.748238	187.302025	0.008491	3.4
657	-1.055250	187.153725	0.007003	3.4
658	-0.976028	187.005739	0.009781	4.2
659	-0.914238	186.858064	0.008871	4.1
660	-0.000027	186.710699	0.000025	3.5
661	-0.740372	186.563645	0.006002	3.4
662	-0.978769	186.416898	0.010072	4.5
663	-0.999722	186.270459	0.007641	4.1
664	-0.954858	186.124326	0.011207	3.5
665	-0.849505	185.978499	0.023442	3.5
666	-0.996679	185.832976	0.007953	4.4
667	-0.000000	185.687756	0.000000	3.4
668	-0.593527	185.542838	0.009004	3.4
669	-0.324783	185.398222	0.004512	3.4
670	-0.845335	185.253906	0.006858	4.9
671	-0.183607	185.109889	0.007127	3.8
672	-0.408219	184.966170	0.003280	3.5
673	-0.557803	184.822748	0.004680	3.5
674	-1.030037	184.679623	0.016157	3.6
675	-1.058126	184.536792	0.023820	4.4
676	-0.645769	184.394256	0.011986	3.5
677	-0.928361	184.252013	0.004977	3.5
678	-1.111184	184.110062	0.013919	3.5
679	-0.730736	183.968403	0.013376	4.1
680	-0.655962	183.827034	0.004529	3.5
681	-0.782486	183.685954	0.008112	3.5
682	-0.100614	183.545163	0.001070	3.3
683	-0.932281	183.404658	0.012103	4.3
684	-0.989705	183.264441	0.004671	3.8
685	-0.756580	183.124509	0.006630	3.4
686	-0.761948	182.984861	0.005622	3.5
687	-0.419090	182.845497	0.009105	3.6
688	-0.791841	182.706416	0.005447	4.3
689	-0.888837	182.567616	0.005317	3.4
690	-0.636348	182.429098	0.012504	3.5
691	-0.296553	182.290859	0.005034	3.3
692	-0.000001	182.152899	0.000001	4.3
693	-0.598078	182.015217	0.005350	3.5
694	-0.726442	181.877813	0.005913	3.5
695	-0.214526	181.740684	0.008312	3.5
696	-0.624024	181.603832	0.004573	4.2
697	-1.023933	181.467253	0.008824	4.0
698	-0.808653	181.330948	0.006875	3.7
699	-0.893410	181.194916	0.007361	3.5
700	-0.000000	181.059155	0.000000	3.6
701	-0.000000	180.923666	0.000000	3.9
702	-0.970145	180.788446	0.034760	3.6
703	-0.662893	180.653496	0.013812	3.4
704	-1.128462	180.518814	0.011793	3.4
705	-0.000000	180.384399	0.000000	3.6
706	-0.697825	180.250251	0.005207	3.7
707	-1.029251	180.116369	0.009079	3.9
708	-0.918749	179.982752	0.004465	3.5
709	-0.743617	179.849398	0.005300	3.6
710	-0.238596	179.716308	0.003101	3.5
711	-0.899335	179.583480	0.005225	4.1
712	-0.817920	179.450913	0.008471	3.3
713	-0.667422	179.318607	0.013516	3.3
714	-0.000000	179.186561	0.000000	3.5
715	0.000000	179.054774	0.000000	4.2
716	-0.853466	178.923245	0.016560	3.6
717	-0.536234	178.791973	0.006421	3.5
718	-1.050400	178.660958	0.008425	3.4
719	-0.935486	178.530199	0.007345	4.2
720	-1.111935	178.399694	0.006096	3.8
721	-0.799843	178.269444	0.011954	3.5
722	-0.386436	178.139447	0.007027	3.9
723	-0.122757	178.009702	0.003866	4.4
724	-0.854706	177.880209	0.008809	3.8
725	-0.669408	177.750967	0.017011	3.5
726	-0.000000	177.621975	0.000000	3.5
727	-1.102330	177.493232	0.011233	4.6
728	-1.014530	177.364738	0.005452	3.6
729	-0.998741	177.236492	0.005368	3.6
730	-0.905334	177.108492	0.009328	3.5
731	-1.090658	176.980739	0.024727	4.5
732	-0.841409	176.853231	0.010204	3.5
733	-0.803607	176.725968	0.008019	3.5
734	0.000000	176.598949	0.000000	3.4
735	-0.099349	176.472173	0.007764	5.5
736	-0.968686	176.345639	0.013679	3.6
737	-0.988807	176.219348	0.006985	3.6
738	-1.042489	176.093296	0.017841	3.4
739	-0.684940	175.967486	0.005433	4.3
740	-0.728193	175.841914	0.011298	3.8
741	-0.280886	175.716581	0.005988	3.6
742	-0.794616	175.591486	0.009771	3.8
743	-0.740416	175.466629	0.005970	5.1
744	-0.555352	175.342008	0.009434	4.2
745	-1.067603	175.217622	0.033110	3.5
746	-0.990036	175.093472	0.029355	6.1
747	-0.604312	174.969556	0.003280	4.4
748	-1.027509	174.845873	0.017119	3.6
749	-0.766643	174.722423	0.007109	3.5
750	-1.040827	174.599206	0.011019	3.6
751	-0.000000	174.476220	0.000000	3.9
752	-0.836217	174.353464	0.008038	3.5
753	-0.692376	174.230939	0.014210	3.6
754	-0.936550	174.108643	0.004758	3.4
755	0.000000	173.986576	0.000000	4.3
756	-1.068290	173.864737	0.010739	4.3
757	-1.226237	173.743124	0.020827	3.8
758	-0.854344	173.621739	0.005187	3.5
759	-0.977620	173.500579	0.022656	3.7
760	-0.891700	173.379645	0.004707	4.4
761	-0.000000	173.258935	0.000000	4.3
762	-0.888931	173.138449	0.014495	3.7
763	-1.012912	173.018186	0.011297	3.8
764	-0.964966	172.898146	0.004579	4.9
765	-1.171941	172.778327	0.027262	4.2
766	-0.956406	172.658730	0.009111	3.5
767	-0.838366	172.539353	0.009052	4.3
768	-0.574040	172.420196	0.008978	4.5
769	-0.000000	172.301258	0.000000	3.7
770	-0.635989	172.182539	0.015476	3.6
771	-0.000000	172.064037	0.000000	8.0
772	-0.141574	171.945753	0.005295	3.5
773	-0.000000	171.827686	0.000000	3.6
774	-0.468533	171.709834	0.004677	3.9
775	-1.008821	171.592198	0.007232	6.6
776	-0.485195	171.474776	0.005306	3.7
777	-0.867466	171.357568	0.013724	3.5
778	-0.000000	171.240574	0.000000	5.8
779	-0.668908	171.123793	0.008456	4.1
780	-0.896632	171.007223	0.008577	3.6
781	0.000000	170.890865	0.000000	3.8
782	-0.698255	170.774718	0.004182	6.1
783	-0.997319	170.658782	0.010238	3.5
784	0.000000	170.543055	0.000000	3.7
785	-0.941189	170.427537	0.008915	5.4
786	-0.946717	170.312227	0.013708	5.2
787	-1.100503	170.197125	0.011047	3.6
788	-1.035303	170.082231	0.008456	3.8
789	-0.208174	169.967543	0.004311	4.9
790	-0.885649	169.853061	0.011055	4.0
791	-1.087025	169.738784	0.014927	3.7
792	-0.954872	169.624713	0.009460	3.6
793	-1.094369	169.510845	0.017680	4.7
794	-0.795892	169.397181	0.006113	3.6
795	-0.994912	169.283720	0.012583	3.6
796	-0.705654	169.170462	0.004447	3.7
797	-0.949368	169.057405	0.007346	4.7
798	-0.013223	168.944549	0.001458	3.7
799	-0.589507	168.831895	0.005217	3.7
800	-1.021823	168.719440	0.013358	3.8
801	-0.923456	168.607185	0.011640	5.1
802	-0.807837	168.495129	0.006335	4.2
803	-1.046010	168.383271	0.013133	3.8
804	-0.543566	168.271611	0.005128	3.5
805	-0.283938	168.160148	0.005026	5.1
806	-1.152070	168.048882	0.009062	3.6
807	-0.000000	167.937812	0.000000	3.5
808	-1.139244	167.826938	0.006589	3.6
809	-0.266251	167.716258	0.004862	4.6
810	-1.090730	167.605773	0.014373	3.7
811	-0.894537	167.495482	0.015940	3.5
812	-0.901719	167.385384	0.012112	3.7
813	-0.660176	167.275479	0.005874	3.8
814	-0.000166	167.165766	0.000109	3.5
815	-0.758611	167.056245	0.011102	5.8
816	-0.000000	166.946915	0.000000	3.6
817	-0.773901	166.837776	0.005269	4.0
818	-0.842588	166.728826	0.005640	4.0
819	-1.106770	166.620067	0.012947	4.3
820	-0.978769	166.511496	0.009998	3.6
821	-0.217027	166.403113	0.005956	3.7
822	0.000000	166.294919	0.000000	4.5
823	-0.790302	166.186912	0.009386	4.2
824	-0.509630	166.079091	0.004619	3.6
825	-1.047433	165.971458	0.022700	3.7
826	-0.030404	165.864009	0.003082	4.8
827	-0.375553	165.756747	0.004984	3.7
828	-1.153134	165.649669	0.007469	3.7
829	-0.000000	165.542775	0.000000	3.8
830	-0.000000	165.436065	0.000000	4.8
831	-0.953771	165.329538	0.009970	3.6
832	-0.027330	165.223194	0.002487	3.6
833	0.000000	165.117032	0.000000	3.7
834	-0.808456	165.011052	0.010568	4.6
835	-0.920629	164.905253	0.018169	3.6
836	-0.844830	164.799635	0.007511	3.7
837	-0.654542	164.694197	0.004604	5.7
838	-0.457958	164.588939	0.006759	3.9
839	-0.570800	164.483859	0.006847	3.6
840	-0.598306	164.378959	0.007442	3.5
841	-0.870206	164.274237	0.011836	4.7
842	-0.854326	164.169692	0.006990	3.9
843	-0.641863	164.065325	0.004254	3.6
844	-0.758145	163.961135	0.014732	3.5
845	-0.920443	163.857120	0.012794	5.1
846	-0.161774	163.753282	0.004591	3.6
847	-0.880454	163.649619	0.005593	3.5
848	-0.576570	163.546130	0.005843	3.6
849	-0.000001	163.442816	0.000000	4.5
850	-0.111606	163.339676	0.002994	3.6
851	-0.808821	163.236709	0.009542	3.5
852	-0.725232	163.133915	0.006330	3.9
853	-0.073394	163.031294	0.003301	4.4
854	-0.791702	162.928844	0.008848	4.3
855	-1.047014	162.826566	0.009616	3.5
856	-0.561586	162.724459	0.005284	3.5
857	-0.000000	162.622523	0.000000	4.4
858	-1.004889	162.520757	0.003851	4.2
859	-0.605087	162.419160	0.005874	3.5
860	-0.856465	162.317733	0.009619	4.0
861	-1.095374	162.216474	0.018760	4.3
862	-0.539821	162.115383	0.009019	4.2
863	-0.000036	162.014461	0.000026	3.6
864	-0.543087	161.913705	0.007775	3.5
865	-0.606409	161.813117	0.004454	3.8
866	0.000000	161.712695	0.000000	4.4
867	-0.729490	161.612439	0.004448	3.6
868	-0.703331	161.512349	0.005875	3.6
869	-0.963673	161.412424	0.013768	3.5
870	-0.780245	161.312663	0.008844	4.1
871	-0.021732	161.213067	0.000460	3.4
872	-0.000000	161.113635	0.000000	3.5
873	-0.000000	161.014366	0.000000	3.4
874	-1.076925	160.915260	0.023615	3.3
875	-0.327487	160.816316	0.007476	3.4
876	-0.947108	160.717535	0.010066	4.8
877	-0.628020	160.618915	0.006415	3.6
878	-0.812096	160.520456	0.009724	3.6
879	-1.034480	160.422158	0.012380	3.5
880	-0.059361	160.324021	0.005209	4.5
881	-0.656482	160.226043	0.009433	3.5
882	-0.000000	160.128225	0.000000	3.3
883	-0.788868	160.030566	0.009916	3.5
884	-1.097431	159.933066	0.005879	4.4
885	-0.981102	159.835723	0.009860	3.6
886	-0.581476	159.738539	0.005510	3.4
887	-1.047623	159.641512	0.011691	3.5
888	-0.766781	159.544642	0.014180	10.6
889	-0.242885	159.447929	0.005572	6.8
890	-0.770436	159.351372	0.009889	7.4
891	0.000000	159.254971	0.000000	7.1
892	-0.570182	159.158725	0.007488	7.2
893	-0.000000	159.062634	0.000000	7.0
894	-0.753022	158.966697	0.005541	7.9
895	-0.000000	158.870915	0.000000	6.8
896	-0.832053	158.775286	0.005954	7.6
897	-0.899819	158.679811	0.008981	6.9
898	-0.516267	158.584489	0.006321	8.1
899	-0.430414	158.489319	0.007585	8.5
900	-0.000000	158.394302	0.000000	8.2
901	-0.647070	158.299436	0.009938	7.2
902	-0.737497	158.204721	0.008640	8.3
903	-0.459315	158.110158	0.007535	7.0
904	-0.000000	158.015745	0.000000	7.8
905	-0.000000	157.921482	0.000000	7.1
906	-0.189885	157.827369	0.009937	7.0
907	0.000000	157.733406	0.000000	7.7
908	-0.764464	157.639591	0.003575	6.6
909	-0.937958	157.545925	0.008718	7.2
910	-0.985542	157.452408	0.013036	7.5
911	-0.692817	157.359038	0.009097	7.2
912	-0.675394	157.265816	0.007754	7.2
913	-0.961951	157.172741	0.010616	7.2
914	-1.191526	157.079813	0.028945	7.8
915	-0.979396	156.987031	0.007784	7.2
916	-0.000000	156.894395	0.000000	7.3
917	-0.880782	156.801904	0.007150	7.4
918	-0.790172	156.709559	0.041249	8.2
919	-0.581435	156.617359	0.006837	7.8
920	-0.848081	156.525304	0.009290	7.2
921	-0.972127	156.433392	0.007211	6.9
922	-0.885764	156.341624	0.013801	8.1
923	-0.698656	156.250000	0.004899	7.2
924	-0.962081	156.158519	0.010699	7.7
925	-0.984901	156.067180	0.007687	6.9
926	-0.854129	155.975984	0.004764	8.4
927	-0.417402	155.884930	0.004681	7.0
928	-0.964351	155.794017	0.008564	8.2
929	-0.757220	155.703246	0.012528	6.8
930	-0.188877	155.612615	0.004387	8.0
931	-0.819090	155.522125	0.004464	7.5
932	-1.108291	155.431775	0.008756	7.7
933	-0.665467	155.341565	0.014203	8.8
934	-0.000000	155.251495	0.000000	8.4
935	-0.420866	155.161563	0.006478	7.6
936	-0.992802	155.071771	0.041965	7.0
937	-1.004579	154.982117	0.034664	7.6
938	-0.773497	154.892601	0.005331	7.3
939	-0.837438	154.803222	0.008448	8.4
940	-0.283255	154.713981	0.005911	6.8
941	-1.109598	154.624878	0.017337	7.4
942	-0.651713	154.535910	0.004350	6.7
943	-0.772570	154.447080	0.006151	6.8
944	-0.543857	154.358385	0.007686	7.6
945	-0.000000	154.269826	0.000000	7.0
946	-0.000000	154.181402	0.000000	7.7
947	-0.781160	154.093114	0.005563	6.9
948	-0.951284	154.004960	0.006992	8.1
949	-0.909626	153.916940	0.024639	6.7
950	-1.092806	153.829054	0.007172	7.8
951	-0.664739	153.741303	0.008539	7.1
952	-0.637927	153.653684	0.009196	7.8
953	-0.659353	153.566198	0.004606	7.0
954	-0.008183	153.478846	0.000474	8.3
955	-0.020890	153.391625	0.003055	6.9
956	-0.752893	153.304537	0.007104	8.9
957	-0.804191	153.217580	0.006794	7.5
958	-1.074347	153.130755	0.004420	8.3
959	-0.876150	153.044061	0.010325	6.6
960	-0.666528	152.957498	0.007396	7.9
961	-0.298342	152.871065	0.007785	6.9
962	-1.018960	152.784762	0.010551	7.7
963	-0.816883	152.698589	0.008883	6.7
964	-0.914689	152.612545	0.013574	7.1
965	-1.037109	152.526631	0.010273	7.6
966	-0.650221	152.440845	0.004779	7.3
967	-0.568852	152.355188	0.003887	7.1
968	-0.913823	152.269660	0.018898	6.5
969	-0.947450	152.184259	0.018409	7.5
970	-1.069806	152.098986	0.015628	6.5
971	-0.660913	152.013840	0.005123	6.8
972	-1.140663	151.928821	0.015311	7.6
973	-1.004656	151.843928	0.009942	6.9
974	-1.015585	151.759163	0.009391	7.8
975	-0.636839	151.674523	0.004997	7.1
976	-0.860896	151.590009	0.009870	7.3
977	-1.102311	151.505620	0.010430	6.9
978	-0.605506	151.421357	0.008452	8.0
979	-0.000000	151.337218	0.000000	6.9
980	-0.667021	151.253204	0.008034	9.5
981	-0.206676	151.169314	0.004745	6.9
982	-0.535557	151.085549	0.006725	7.8
983	-0.586084	151.001907	0.011851	6.7
984	-0.612818	150.918388	0.007725	7.6
985	-0.742816	150.834992	0.008671	6.7
986	-0.923357	150.751719	0.013918	7.6
987	-0.710288	150.668569	0.005499	8.1
988	-0.666068	150.585541	0.003912	6.4
989	-0.596549	150.502634	0.004435	7.9
990	-0.654894	150.419849	0.005873	7.2
991	-0.995175	150.337186	0.009474	8.2
992	-0.996284	150.254644	0.015095	7.6
993	-0.133576	150.172222	0.004869	8.3
994	-0.686924	150.089921	0.004426	7.0
995	-0.000000	150.007740	0.000000	7.6
996	-0.940030	149.925679	0.010337	7.0
997	-0.000000	149.843737	0.000000	7.6
998	-0.979234	149.761915	0.022805	6.8
999	-0.917498	149.680212	0.008355	7.4
1000	-0.996038	149.598627	0.013458	7.0
1001	-0.948498	149.517161	0.008028	6.9
1002	-0.842648	149.435814	0.005237	7.6
1003	-0.164228	149.354584	0.007146	6.7
1004	-0.978334	149.273472	0.004065	8.7
1005	-0.855319	149.192477	0.011819	6.9
1006	-1.081957	149.111599	0.006622	7.3
1007	-1.066423	149.030838	0.004933	7.0
1008	-0.074982	148.950194	0.001204	7.2
1009	-0.865645	148.869666	0.008913	7.1
1010	-1.004567	148.789253	0.008015	7.1
1011	-1.228536	148.708957	0.011833	7.3
1012	-1.042908	148.628776	0.014851	6.9
1013	-0.969782	148.548710	0.012212	7.7
1014	-0.563277	148.468759	0.002794	6.5
1015	-0.610693	148.388923	0.003110	7.9
1016	-0.857910	148.309201	0.007186	6.8
1017	-0.837093	148.229594	0.007574	7.6
1018	-0.841633	148.150100	0.006433	6.8
1019	-0.000000	148.070719	0.000000	8.7
1020	-0.000000	147.991452	0.000000	6.9
1021	-0.889517	147.912298	0.007783	7.7
1022	-1.102977	147.833257	0.016877	7.4
1023	-0.959490	147.754329	0.005317	6.8
1024	-0.996473	147.675512	0.011551	7.4
1025	-0.000956	147.596808	0.000539	6.5
1026	-0.994226	147.518216	0.006306	7.4
1027	-1.210065	147.439735	0.019173	6.8
1028	-0.000000	147.361365	0.000000	7.1
1029	-0.935677	147.283106	0.007328	6.8
1030	-0.730651	147.204958	0.006019	6.9
1031	-0.791543	147.126920	0.005937	7.2
1032	-0.646639	147.048993	0.007950	6.6
1033	-0.740852	146.971175	0.005789	7.0
1034	-0.637470	146.893468	0.004573	6.8
1035	-0.891354	146.815869	0.004216	7.2
1036	-1.125966	146.738380	0.008143	7.3
1037	-0.645465	146.661000	0.005800	6.6
1038	-0.948299	146.583729	0.006935	7.6
1039	-0.176553	146.506566	0.002672	6.7
1040	-0.225289	146.429511	0.003516	7.3
1041	-1.027018	146.352565	0.011360	6.8
1042	-0.414316	146.275726	0.005298	7.4
1043	-0.699491	146.198994	0.004803	7.9
1044	-0.553610	146.122370	0.012926	6.6
1045	-0.000000	146.045853	0.000000	7.0
1046	-0.448532	145.969442	0.008447	6.5
1047	-1.088781	145.893139	0.010950	7.0
1048	-0.745963	145.816941	0.006825	6.6
1049	-0.719723	145.740849	0.006245	7.8
1050	-0.930446	145.664863	0.013314	6.6
1051	-0.290499	145.588983	0.005777	7.5
1052	-0.969428	145.513208	0.009246	6.4
1053	-0.772552	145.437538	0.009381	7.8
1054	-0.825888	145.361973	0.007753	8.4
1055	-1.060737	145.286513	0.015646	8.9
1056	-0.392860	145.211157	0.003368	8.0
1057	-0.575939	145.135905	0.003836	9.0
1058	-1.074779	145.060757	0.012249	9.5
1059	-0.000000	144.985712	0.000000	9.7
1060	-0.000000	144.910771	0.000000	8.6
1061	-0.524628	144.835934	0.007563	9.4
1062	-0.000000	144.761199	0.000000	10.9
1063	-0.958313	144.686567	0.008271	8.6
1064	-0.000000	144.612037	0.000000	8.9
1065	-0.000000	144.537610	0.000000	9.1
1066	-0.792949	144.463285	0.004678	10.1
1067	-0.905281	144.389062	0.003833	8.1
1068	-0.959749	144.314940	0.005862	10.1
1069	-0.926759	144.240920	0.006878	8.2
1070	-0.640764	144.167001	0.006590	8.7
1071	-0.193418	144.093182	0.008645	9.1
1072	-0.895200	144.019465	0.007281	8.9
1073	-0.783242	143.945848	0.006183	10.4
1074	-0.850767	143.872331	0.009362	7.9
1075	-1.007921	143.798914	0.009715	14.4
1076	-0.993971	143.725597	0.009157	7.5
1077	-0.770261	143.652380	0.005650	4.7
1078	-0.757380	143.579262	0.004736	4.2
1079	-0.822453	143.506243	0.006509	7.3
1080	-1.030869	143.433323	0.012837	4.4
1081	-0.739188	143.360502	0.004488	4.2
1082	-0.952033	143.287780	0.006244	7.0
1083	-0.000000	143.215155	0.000000	4.6
1084	-0.667072	143.142629	0.006176	4.3
1085	-0.973730	143.070201	0.009653	5.6
1086	-0.000000	142.997870	0.000000	4.5
1087	-0.918106	142.925637	0.011563	4.1
1088	-0.786308	142.853501	0.007240	7.4
1089	-0.794792	142.781462	0.008447	4.8
1090	-0.949070	142.709519	0.005810	4.4
1091	-0.775254	142.637674	0.008081	5.2
1092	-0.635983	142.565924	0.005595	5.5
1093	-0.840119	142.494271	0.007578	4.6
1094	-0.000000	142.422714	0.000000	6.8
1095	-0.239360	142.351252	0.004251	5.0
1096	-0.806757	142.279886	0.006895	4.4
1097	-0.441487	142.208616	0.004425	4.5
1098	-0.310062	142.137440	0.004257	6.4
1099	-0.617441	142.066360	0.006873	4.4
1100	-1.041051	141.995374	0.011917	5.6
1101	0.000000	141.924483	0.000000	6.4
1102	-0.813981	141.853685	0.006814	4.6
1103	-0.171908	141.782983	0.008916	4.3
1104	-0.679180	141.712373	0.005130	7.1
1105	-1.084072	141.641858	0.013450	5.3
1106	-0.854427	141.571436	0.007649	6.1
1107	-0.492095	141.501108	0.003988	6.4
1108	-0.917694	141.430872	0.015517	4.9
1109	-1.018281	141.360730	0.013439	6.1
1110	0.000000	141.290680	0.000000	5.5
1111	-0.243878	141.220722	0.005252	4.3
1112	-1.110397	141.150857	0.011714	4.9
1113	-0.041519	141.081084	0.003810	5.1
1114	-1.054752	141.011403	0.013145	4.1
1115	-0.854461	140.941813	0.002856	4.6
1116	-1.057275	140.872315	0.025420	5.7
1117	-1.012805	140.802909	0.006874	4.3
1118	-0.774698	140.733593	0.004237	4.7
1119	-1.097996	140.664369	0.014245	5.9
1120	-0.000000	140.595235	0.000000	4.0
1121	-0.389915	140.526192	0.005071	3.9
1122	-1.117655	140.457239	0.014091	8.8
1123	-0.400876	140.388376	0.005118	4.0
1124	0.000000	140.319603	0.000000	4.1
1125	-0.841359	140.250920	0.008679	6.0
1126	-0.870286	140.182326	0.013612	4.0
1127	-1.100426	140.113822	0.016885	4.2
1128	-0.000171	140.045407	0.000089	5.5
1129	-1.067908	139.977081	0.012062	5.5
1130	-0.162204	139.908844	0.004701	4.0
1131	-0.856840	139.840696	0.004972	5.0
1132	-0.737142	139.772635	0.007008	5.8
1133	-0.794438	139.704664	0.010379	3.9
1134	-0.646426	139.636780	0.008872	4.0
1135	-0.690805	139.568984	0.006264	5.6
1136	-0.609737	139.501276	0.011807	4.0
1137	-0.000000	139.433655	0.000000	3.9
1138	-0.000000	139.366122	0.000000	6.8
1139	-0.954833	139.298676	0.011627	4.8
1140	-0.633169	139.231317	0.005969	3.9
1141	-0.002020	139.164045	0.000339	5.1
1142	-0.880632	139.096859	0.015920	5.1
1143	-0.725076	139.029760	0.007893	4.2
1144	-1.037456	138.962747	0.014623	4.2
1145	-1.043967	138.895820	0.004342	6.2
1146	-1.057699	138.828978	0.010118	4.4
1147	-1.039716	138.762223	0.004356	4.1
1148	-1.052266	138.695553	0.006465	5.5
1149	-0.006533	138.628969	0.002070	4.8
1150	-0.953577	138.562469	0.007864	4.3
1151	-0.136172	138.496055	0.004969	4.0
1152	-1.070966	138.429725	0.007292	4.9
1153	-0.572079	138.363481	0.005074	4.1
1154	-0.958916	138.297320	0.014540	4.2
1155	-0.746081	138.231244	0.007471	4.5
1156	-0.710391	138.165252	0.007356	5.0
1157	-0.773737	138.099344	0.010027	4.2
1158	-1.104124	138.033520	0.006466	3.9
1159	-0.492101	137.967779	0.003908	5.2
1160	-0.238866	137.902122	0.004496	4.6
1161	-0.796079	137.836548	0.005044	4.3
1162	-0.893182	137.771057	0.010949	4.3
1163	-0.000000	137.705649	0.000000	3.9
1164	-0.957594	137.640324	0.003996	5.3
1165	-0.660251	137.575081	0.003167	4.2
1166	-0.908197	137.509921	0.008503	4.1
1167	-0.032502	137.444842	0.004982	6.3
1168	-0.975359	137.379846	0.009122	4.1
1169	-0.000000	137.314932	0.000000	4.3
1170	-0.452661	137.250100	0.004042	4.4
1171	-0.945981	137.185349	0.011606	5.4
1172	-1.050463	137.120680	0.006201	4.2
1173	-0.027220	137.056092	0.004166	4.4
1174	-0.726558	136.991585	0.005350	5.3
1175	-0.803099	136.927158	0.006749	4.1
1176	-0.917754	136.862813	0.013251	4.5
1177	0.000000	136.798548	0.000000	4.9
1178	-0.904909	136.734363	0.006568	4.0
1179	-0.703746	136.670259	0.005031	4.0
1180	-0.646847	136.606235	0.005983	6.4
1181	-0.960582	136.542291	0.009059	4.3
1182	-0.919847	136.478426	0.015278	4.3
1183	-0.807477	136.414641	0.008821	5.7
1184	-0.946034	136.350936	0.009054	4.9
1185	-0.889103	136.287310	0.011649	4.7
1186	0.000000	136.223763	0.000000	4.7
1187	-0.902949	136.160295	0.009952	5.2
1188	-0.466832	136.096905	0.005813	4.1
1189	-0.594513	136.033594	0.004893	4.1
1190	-0.000000	135.970362	0.000000	5.5
1191	-0.945340	135.907208	0.006790	4.2
1192	-1.201049	135.844133	0.021946	4.0
1193	-1.136974	135.781135	0.005294	4.1
1194	-0.342472	135.718215	0.005791	5.5
1195	-0.868907	135.655373	0.006418	4.4
1196	-1.016971	135.592608	0.012288	4.3
1197	-0.525149	135.529921	0.005199	5.6
1198	-0.905567	135.467311	0.008471	4.1
1199	-0.884731	135.404778	0.010721	3.9
1200	-0.737335	135.342322	0.006840	4.6
1201	-0.931600	135.279942	0.004876	5.7
1202	-0.000000	135.217640	0.000000	4.1
1203	-1.046509	135.155413	0.007759	4.1
1204	-1.035856	135.093263	0.005872	5.5
1205	-1.122296	135.031190	0.006804	4.4
1206	-0.893335	134.969192	0.006117	4.1
1207	-1.226592	134.907270	0.013405	3.8
1208	-0.688120	134.845424	0.004367	5.6
1209	-0.364576	134.783653	0.005922	4.4
1210	-0.094716	134.721958	0.003418	4.4
1211	-0.781364	134.660338	0.016473	4.3
1212	-0.739916	134.598793	0.007234	4.0
1213	-0.850429	134.537323	0.016733	5.5
1214	-1.220459	134.475927	0.025219	4.4
1215	-0.864131	134.414607	0.010975	4.1
1216	-0.231573	134.353361	0.005413	5.4
1217	-1.196695	134.292189	0.037628	4.0
1218	-0.184904	134.231092	0.005314	4.3
1219	-0.849233	134.170068	0.008007	4.5
1220	-0.230619	134.109119	0.002886	4.9
1221	-0.772878	134.048243	0.009635	4.1
1222	-1.096269	133.987441	0.010029	4.5
1223	-0.690432	133.926713	0.006683	5.6
1224	-0.736527	133.866057	0.005036	4.1
1225	-1.177674	133.805475	0.035549	4.1
1226	-1.152603	133.744966	0.012589	5.7
1227	-0.458276	133.684530	0.007669	4.1
1228	-0.894768	133.624167	0.006927	4.1
1229	-0.684589	133.563877	0.008078	5.5
1230	-0.800483	133.503658	0.009645	5.1
1231	-0.636831	133.443513	0.005863	4.3
1232	-0.496895	133.383439	0.005161	7.5
1233	-0.889434	133.323437	0.006490	4.2
1234	-1.129108	133.263508	0.019629	4.1
1235	-0.750330	133.203650	0.005054	5.2
1236	-0.907868	133.143864	0.005186	4.6
1237	-1.169122	133.084149	0.029939	4.0
1238	-0.996213	133.024506	0.010150	4.1
1239	-1.134888	132.964934	0.008839	5.0
1240	-0.666413	132.905433	0.005595	4.0
1241	-0.993292	132.846003	0.008695	4.1
1242	-0.614152	132.786643	0.007551	4.3
1243	-0.976994	132.727355	0.010187	5.8
1244	-1.148584	132.668137	0.010455	4.0
1245	-1.016320	132.608989	0.011615	4.5
1246	-0.392822	132.549912	0.006638	4.5
1247	-0.943229	132.490904	0.012533	4.9
1248	-0.901812	132.431967	0.012328	4.0
1249	-0.734065	132.373100	0.005884	4.8
1250	-0.000000	132.314302	0.000000	4.1
1251	-0.963900	132.255574	0.015892	4.1
1252	-1.069943	132.196916	0.012485	4.9
1253	-1.105269	132.138326	0.012719	4.2
1254	-0.991238	132.079806	0.006038	4.0
1255	-0.000000	132.021355	0.000000	4.2
1256	-1.069463	131.962973	0.007400	4.9
1257	-0.836395	131.904660	0.007898	4.3
1258	-0.597798	131.846415	0.004864	4.0
1259	-0.724989	131.788239	0.003575	4.6
1260	-0.395450	131.730131	0.005229	4.1
1261	-0.975561	131.672092	0.005094	4.1
1262	-1.015659	131.614121	0.005700	4.3
1263	-0.805209	131.556217	0.009897	5.0
1264	-0.842464	131.498382	0.007486	3.9
1265	-1.041905	131.440614	0.009544	4.3
1266	-1.174065	131.382914	0.019541	5.2
1267	-0.231383	131.325282	0.011644	4.0
1268	-0.815666	131.267717	0.008469	4.1
1269	-1.044321	131.210219	0.005950	5.8
1270	-0.883462	131.152788	0.007322	4.0
1271	-0.586860	131.095424	0.004829	3.9
1272	-0.662666	131.038127	0.005685	4.1
1273	-0.631540	130.980897	0.009776	5.1
1274	-1.048055	130.923733	0.010736	4.0
1275	-0.863020	130.866636	0.007379	4.0
1276	-0.890736	130.809605	0.028025	5.1
1277	-0.663247	130.752641	0.005646	3.9
1278	-1.094377	130.695742	0.006533	4.1
1279	-0.000000	130.638910	0.000000	5.0
1280	-1.065832	130.582143	0.009409	5.1
1281	-0.078373	130.525442	0.001148	3.8
1282	-1.175828	130.468807	0.020467	4.0
1283	-0.964095	130.412237	0.011655	4.7
1284	-0.884499	130.355733	0.011675	4.0
1285	-1.082586	130.299294	0.004740	3.9
1286	-0.372588	130.242920	0.003169	4.9
1287	-0.840562	130.186611	0.005927	4.7
1288	-0.824950	130.130366	0.010465	4.5
1289	-0.788483	130.074187	0.005673	3.8
1290	-0.668068	130.018072	0.005677	6.0
1291	-0.972469	129.962022	0.007181	3.9
1292	-0.039413	129.906036	0.001395	3.6
1293	-0.000000	129.850114	0.000000	4.3
1294	-0.000000	129.794257	0.000000	5.0
1295	-0.664744	129.738463	0.005627	3.7
1296	-0.237612	129.682734	0.005855	3.8
1297	-1.138680	129.627068	0.011094	6.4
1298	-0.985382	129.571466	0.006939	3.9
1299	-0.985819	129.515927	0.005520	3.9
1300	-1.096068	129.460452	0.013555	4.7
1301	-0.758142	129.405040	0.013680	4.8
1302	-0.649569	129.349692	0.005072	4.0
1303	-0.000000	129.294406	0.000000	4.3
1304	-0.951921	129.239183	0.026598	4.1
1305	-1.100479	129.184024	0.007707	5.0
1306	-0.800747	129.128927	0.005019	4.0
1307	-0.722413	129.073892	0.005201	3.9
1308	-1.081849	129.018921	0.022053	5.4
1309	-0.243739	128.964011	0.003815	4.0
1310	-0.002677	128.909164	0.001023	4.4
1311	-0.001356	128.854379	0.000118	4.0
1312	-0.056342	128.799656	0.004293	4.7
1313	-0.000000	128.744995	0.000000	5.1
1314	-0.759570	128.690396	0.007044	4.6
1315	-0.675147	128.635858	0.004796	4.3
1316	-0.754517	128.581382	0.006190	4.0
1317	-0.745827	128.526968	0.005748	4.9
1318	-1.266369	128.472615	0.010379	3.9
1319	-1.033985	128.418323	0.013016	4.0
1320	-0.290286	128.364092	0.005415	5.2
1321	-0.823119	128.309922	0.009129	4.8
1322	-0.481326	128.255814	0.003493	4.0
1323	-1.033282	128.201766	0.004563	3.9
1324	-0.522749	128.147778	0.003720	4.7
1325	-1.038704	128.093852	0.014633	4.4
1326	-0.010710	128.039985	0.002714	4.3
1327	-0.664269	127.986180	0.005704	6.2
1328	-0.910144	127.932434	0.007878	4.0
1329	-0.776801	127.878749	0.009879	4.3
1330	-0.023405	127.825123	0.002712	7.3
1331	-0.000000	127.771558	0.000000	3.9
1332	-0.379170	127.718052	0.006792	3.9
1333	-0.391481	127.664606	0.003769	5.9
1334	-1.105050	127.611220	0.010445	6.1
1335	-0.946125	127.557893	0.011651	4.2
1336	-1.007653	127.504625	0.005043	9.1
1337	-0.686582	127.451417	0.004990	4.1
1338	-0.983160	127.398268	0.006175	4.4
1339	0.000000	127.345178	0.000000	7.2
1340	-0.690760	127.292147	0.003077	4.0
1341	-1.009980	127.239175	0.004450	4.7
1342	-0.699814	127.186261	0.005975	6.9
1343	-1.048865	127.133407	0.005778	4.2
1344	-0.729288	127.080610	0.004997	5.3
1345	-0.000000	127.027872	0.000000	6.9
1346	-0.819914	126.975193	0.007400	4.1
1347	-0.806581	126.922572	0.008131	4.6
1348	-0.929883	126.870008	0.006833	6.5
1349	-0.620882	126.817503	0.011134	4.5
1350	-0.967248	126.765056	0.008674	5.0
1351	-0.625783	126.712667	0.004632	6.2
1352	-0.490194	126.660335	0.005440	4.4
1353	0.000000	126.608061	0.000000	6.2
1354	-0.451770	126.555844	0.003515	5.5
1355	-1.129014	126.503685	0.010724	4.7
1356	-0.366669	126.451583	0.007193	4.0
1357	-0.834261	126.399538	0.006368	5.6
1358	-1.088516	126.347550	0.008486	4.4
1359	0.000000	126.295619	0.000000	4.0
1360	-0.000000	126.243745	0.000000	5.7
1361	-0.000000	126.191928	0.000000	4.4
1362	-0.775689	126.140168	0.006108	4.4
1363	-0.986506	126.088464	0.003989	4.0
1364	-0.926688	126.036817	0.011270	4.6
1365	-0.114616	125.985226	0.001275	4.6
1366	-0.879100	125.933691	0.007771	4.7
1367	-0.667651	125.882212	0.008220	4.2
1368	-0.736006	125.830790	0.007482	4.2
1369	-0.919278	125.779423	0.006779	4.8
1370	-0.933377	125.728113	0.012320	4.0
1371	-1.090212	125.676858	0.018093	4.3
1372	-0.768101	125.625659	0.005954	5.6
1373	-0.840358	125.574515	0.008003	4.2
1374	-0.785636	125.523427	0.004639	4.3
1375	-0.785412	125.472394	0.005394	4.3
1376	-1.012573	125.421417	0.007868	5.3
1377	-0.919992	125.370495	0.011222	4.2
1378	-1.062097	125.319628	0.011221	4.3
1379	-0.888291	125.268815	0.007976	5.1
1380	-0.747599	125.218058	0.006025	4.0
1381	-1.007038	125.167356	0.004781	3.9
1382	-0.090623	125.116708	0.005540	6.0
1383	-0.532942	125.066115	0.006114	4.1
1384	-0.974322	125.015576	0.005316	4.2
1385	-1.094340	124.965092	0.008281	5.5
1386	-0.130128	124.914662	0.008031	4.4
1387	-0.000000	124.864287	0.000000	4.1
1388	-0.000000	124.813965	0.000000	4.5
1389	-0.712128	124.763698	0.006029	5.0
1390	-0.555508	124.713485	0.004346	4.0
1391	-0.747268	124.663325	0.007897	4.0
1392	-0.792859	124.613219	0.004529	5.8
1393	-0.959160	124.563167	0.012184	4.3
1394	-0.130023	124.513168	0.003892	4.1
1395	-1.009728	124.463223	0.005898	4.5
1396	-0.673231	124.413332	0.004553	5.3
1397	-0.677075	124.363493	0.005092	3.9
1398	-0.831599	124.313708	0.006784	4.6
1399	-0.525103	124.263976	0.007673	5.3
1400	-0.625716	124.214297	0.004528	4.2
1401	-0.818162	124.164671	0.004626	3.9
1402	-1.081538	124.115097	0.013543	4.5
1403	-0.713051	124.065577	0.007010	5.0
1404	-0.587086	124.016109	0.007262	4.0
1405	-1.117678	123.966693	0.007620	4.7
1406	-1.061090	123.917330	0.008251	12.4
1407	-1.106089	123.868020	0.011610	7.9
1408	-0.344887	123.818762	0.003422	8.3
1409	-1.006406	123.769556	0.006615	9.0
1410	-0.768987	123.720402	0.008901	8.0
1411	-1.093983	123.671300	0.005507	7.8
1412	-0.873605	123.622250	0.009154	8.5
1413	-0.000000	123.573252	0.000000	8.2
1414	-0.910583	123.524305	0.013339	8.8
1415	-0.516156	123.475411	0.003503	8.1
1416	-1.012998	123.426568	0.005981	8.1
1417	-0.979718	123.377776	0.011596	8.8
1418	-0.992032	123.329036	0.006685	8.4
1419	-0.678287	123.280347	0.007365	9.4
1420	0.000000	123.231709	0.000000	7.5
1421	-0.000000	123.183122	0.000000	8.8
1422	-1.083505	123.134587	0.013741	8.1
1423	-0.812243	123.086102	0.003753	9.0
1424	-1.073036	123.037669	0.009811	9.4
1425	-0.880511	122.989286	0.004737	8.2
1426	-0.992640	122.940954	0.010127	9.8
1427	-1.054019	122.892672	0.005468	7.4
1428	-1.007252	122.844441	0.004593	9.4
1429	-0.932954	122.796261	0.004381	7.6
1430	-0.834146	122.748130	0.006090	8.9
1431	-1.155680	122.700050	0.013939	7.6
1432	-0.929231	122.652021	0.008358	9.6
1433	-0.933935	122.604041	0.006860	7.6
1434	-0.802521	122.556111	0.006512	10.5
1435	-0.145539	122.508232	0.003025	7.8
1436	-1.174232	122.460402	0.011053	9.2
1437	-0.533562	122.412622	0.005631	7.8
1438	-0.994094	122.364891	0.005911	12.1
1439	-0.974443	122.317210	0.013783	8.2
1440	-0.954999	122.269579	0.007331	8.8
1441	-0.945228	122.221997	0.005355	7.7
1442	-0.000000	122.174465	0.000000	7.8
1443	-0.084309	122.126981	0.001324	9.0
1444	0.000000	122.079547	0.000000	7.5
1445	-1.118137	122.032162	0.006536	9.0
1446	-0.019721	121.984826	0.000551	8.5
1447	-0.893594	121.937539	0.005239	9.0
1448	-0.778149	121.890301	0.005480	7.9
1449	-1.027837	121.843112	0.010770	8.9
1450	-1.144881	121.795971	0.011154	8.5
1451	-0.846820	121.748879	0.008343	8.2
1452	-1.073478	121.701835	0.005390	9.1
1453	-0.048884	121.654840	0.004048	7.5
1454	-0.344001	121.607893	0.004438	9.1
1455	-1.101152	121.560994	0.007479	8.2
1456	-0.224040	121.514144	0.005638	9.4
1457	-0.965772	121.467342	0.005491	8.6
1458	-0.638907	121.420588	0.007836	12.2
1459	-0.909032	121.373882	0.011064	8.2
1460	-0.801913	121.327223	0.006641	10.7
1461	-1.084620	121.280613	0.010290	7.5
1462	0.000000	121.234050	0.000000	8.1
1463	0.000000	121.187535	0.000000	7.5
1464	-0.757106	121.141067	0.009874	8.7
1465	-0.572118	121.094647	0.007383	8.6
1466	-1.132242	121.048274	0.007660	8.4
1467	-0.605298	121.001949	0.004937	11.3
1468	-0.775663	120.955671	0.004342	9.1
1469	-0.900583	120.909440	0.009501	8.7
1470	0.000000	120.863256	0.000000	8.6
1471	-0.995123	120.817119	0.006379	7.7
1472	-0.801731	120.771029	0.005703	8.6
1473	-1.171808	120.724986	0.009193	8.1
1474	-0.000000	120.678990	0.000000	9.1
1475	-0.698902	120.633040	0.004597	7.9
1476	-0.808451	120.587137	0.005333	8.4
1477	-0.450237	120.541281	0.007108	7.9
1478	-0.964106	120.495471	0.006162	8.2
1479	-1.161142	120.449707	0.008677	7.7
1480	-0.789719	120.403990	0.004615	11.9
1481	-0.363467	120.358319	0.004952	8.3
1482	-0.974682	120.312694	0.007584	8.0
1483	-0.571746	120.267115	0.006635	7.8
1484	-0.000000	120.221582	0.000000	8.4
1485	-0.817680	120.176096	0.008731	9.4
1486	-1.090623	120.130655	0.008186	8.4
1487	-0.938061	120.085260	0.011736	9.5
1488	-0.879822	120.039910	0.007640	8.6
1489	-1.075763	119.994606	0.010030	8.5
1490	-0.000000	119.949348	0.000000	9.1
1491	-1.016359	119.904135	0.009110	8.6
1492	-0.051411	119.858968	0.003651	8.4
1493	-0.735340	119.813846	0.005401	9.7
1494	-0.934565	119.768769	0.009523	7.9
1495	0.000000	119.723738	0.000000	8.7
1496	-0.930339	119.678752	0.005551	8.2
1497	-0.628661	119.633810	0.004493	9.4
1498	-0.000736	119.588914	0.000383	8.3
1499	-0.729170	119.544062	0.005284	8.0
1500	-0.722482	119.499256	0.005729	9.0
1501	-0.954974	119.454494	0.011370	8.5
1502	-0.036724	119.409777	0.002871	8.9
1503	-1.012883	119.365104	0.008206	8.0
1504	-0.760132	119.320476	0.005574	8.6
1505	-0.976285	119.275893	0.011389	7.7
1506	-1.131315	119.231353	0.009514	8.3
1507	-1.038937	119.186859	0.006762	8.0
1508	-0.750350	119.142408	0.006024	9.4
1509	-0.915320	119.098002	0.010747	7.9
1510	-0.901885	119.053639	0.008667	9.2
1511	-0.804896	119.009321	0.006006	8.1
1512	-0.538934	118.965047	0.004554	8.3
1513	-0.430961	118.920816	0.003012	7.8
1514	-0.606399	118.876630	0.008373	8.8
1515	-1.132351	118.832487	0.005867	8.4
1516	-0.766317	118.788388	0.005983	8.9
1517	-0.788291	118.744332	0.005887	7.8
1518	-0.703581	118.700320	0.007562	8.0
1519	-1.019963	118.656352	0.005562	8.0
1520	-0.910754	118.612427	0.005443	8.6
1521	-0.906747	118.568545	0.007588	7.6
1522	-0.806214	118.524706	0.007568	8.4
1523	-0.110419	118.480911	0.001870	7.8
1524	-0.002540	118.437159	0.000278	8.2
1525	-0.802540	118.393450	0.007668	10.0
1526	-0.814438	118.349784	0.004996	7.9
1527	-0.923674	118.306160	0.010473	9.8
1528	-0.516039	118.262580	0.005498	7.4
1529	-1.071595	118.219042	0.005027	8.7
1530	-1.053594	118.175548	0.012688	8.5
1531	-0.629784	118.132095	0.011506	8.2
1532	-0.272311	118.088686	0.006630	7.7
1533	-0.717339	118.045319	0.005956	9.1
1534	-1.149670	118.001994	0.010768	8.7
1535	-0.000000	117.958712	0.000000	9.0
1536	-0.957347	117.915472	0.006919	8.9
1537	-1.205301	117.872274	0.011836	8.2
1538	-1.001992	117.829118	0.007613	9.1
1539	-1.116139	117.786005	0.010904	7.9
1540	-0.000000	117.742933	0.000000	8.1
1541	-1.047507	117.699904	0.004972	8.7
1542	-0.059615	117.656916	0.003728	8.5
1543	-1.101322	117.613971	0.013288	8.9
1544	-0.986117	117.571067	0.007498	8.3
1545	-0.850339	117.528205	0.008605	8.4
1546	-0.655854	117.485384	0.004622	10.8
1547	-0.000000	117.442605	0.000000	8.1
1548	-0.728634	117.399867	0.007871	8.4
1549	-0.896397	117.357171	0.006915	8.2
1550	-1.162024	117.314517	0.006422	8.4
1551	-1.173446	117.271903	0.009970	8.8
1552	-0.491384	117.229331	0.005922	8.7
1553	0.000000	117.186800	0.000000	9.4
1554	-0.692384	117.144311	0.005510	7.5
1555	-1.025918	117.101862	0.004622	8.8
1556	-1.090972	117.059454	0.007023	8.1
1557	-0.640732	117.017087	0.006640	9.1
1558	-0.000000	116.974762	0.000000	8.2
1559	-0.642739	116.932476	0.006874	7.9
1560	-0.491148	116.890232	0.005857	8.5
1561	-1.008692	116.848028	0.009250	8.2
1562	-0.627281	116.805865	0.007549	8.5
1563	-0.284449	116.763743	0.003817	9.0
1564	-1.001089	116.721661	0.007012	8.4
1565	-1.018698	116.679619	0.016884	8.0
1566	-0.934872	116.637618	0.006034	8.2
1567	-0.866298	116.595657	0.005627	9.6
1568	-0.398105	116.553736	0.004977	9.5
1569	-0.350168	116.511855	0.002419	8.2
1570	-1.042448	116.470015	0.007790	8.3
1571	-0.926701	116.428214	0.007570	8.6
1572	-0.770554	116.386454	0.011735	6.7
1573	-0.537680	116.344733	0.006398	8.0
1574	-0.871080	116.303052	0.004656	4.0
1575	-0.982401	116.261412	0.010719	4.0
1576	-0.258753	116.219810	0.010621	5.9
1577	-0.708612	116.178249	0.004078	4.0
1578	-0.000001	116.136727	0.000001	4.2
1579	-0.848400	116.095245	0.007816	5.2
1580	-0.958614	116.053802	0.006721	4.0
1581	-0.893563	116.012398	0.005828	3.9
1582	-0.991817	115.971034	0.009605	4.8
1583	-0.807795	115.929710	0.010600	4.6
1584	-0.756468	115.888424	0.005581	3.9
1585	-0.000000	115.847178	0.000000	3.9
1586	-0.391986	115.805970	0.007375	5.3
1587	-0.607024	115.764802	0.013576	3.9
1588	-1.088005	115.723673	0.004245	3.9
1589	-1.096358	115.682583	0.010150	5.0
1590	-1.221708	115.641532	0.005420	4.8
1591	-0.466897	115.600519	0.005412	3.9
1592	0.000000	115.559546	0.000000	4.1
1593	-0.861029	115.518610	0.005345	5.1
1594	-1.045423	115.477714	0.005421	3.9
1595	-0.542389	115.436856	0.005201	3.9
1596	-1.125016	115.396037	0.008068	3.9
1597	-0.726312	115.355256	0.006202	4.7
1598	-0.917639	115.314514	0.006376	3.9
1599	-1.076470	115.273810	0.008118	3.8
1600	-0.703335	115.233144	0.005339	4.0
1601	0.000000	115.192517	0.000000	4.7
1602	-0.000000	115.151927	0.000000	3.9
1603	-0.719505	115.111376	0.005031	3.9
1604	-0.583895	115.070863	0.007780	4.1
1605	-0.000091	115.030388	0.000056	4.9
1606	-0.850160	114.989951	0.008020	3.8
1607	-0.742886	114.949551	0.004626	3.9
1608	-0.722433	114.909190	0.004713	5.0
1609	-0.879121	114.868866	0.006204	4.6
1610	-0.873651	114.828580	0.011884	3.9
1611	-1.070264	114.788332	0.007066	3.9
1612	-0.616089	114.748121	0.004190	5.0
1613	-1.174243	114.707948	0.014219	4.1
1614	-0.952937	114.667812	0.007659	6.3
1615	-0.706213	114.627714	0.006492	5.8
1616	-0.775348	114.587653	0.008207	4.0
1617	-0.669810	114.547629	0.004422	4.0
1618	-0.770971	114.507643	0.008507	4.1
1619	-0.565177	114.467693	0.005061	5.1
1620	-0.052407	114.427781	0.001786	5.4
1621	-0.754522	114.387907	0.011917	4.0
1622	-0.118208	114.348069	0.010138	4.1
1623	-1.024519	114.308268	0.015338	4.0
1624	-0.719331	114.268504	0.008474	4.8
1625	-0.724862	114.228777	0.005539	4.0
1626	-0.599167	114.189086	0.003997	4.2
1627	-0.718817	114.149433	0.007392	5.5
1628	-0.916011	114.109816	0.005459	4.0
1629	-0.000000	114.070235	0.000000	4.0
1630	-0.142971	114.030692	0.002486	5.9
1631	-0.846889	113.991185	0.004330	4.0
1632	-0.596217	113.951714	0.005618	4.0
1633	-0.336593	113.912280	0.006471	5.1
1634	-0.964330	113.872882	0.014769	4.9
1635	-0.763546	113.833521	0.005693	3.7
1636	-1.286719	113.794195	0.014071	4.2
1637	-0.718126	113.754906	0.005799	4.8
1638	-0.000000	113.715653	0.000000	4.3
1639	-0.850391	113.676437	0.008785	3.9
1640	-0.971515	113.637256	0.006392	5.9
1641	-1.103483	113.598111	0.012360	3.9
1642	0.000000	113.559002	0.000000	3.8
1643	-0.811397	113.519929	0.005794	4.0
1644	-0.744744	113.480892	0.005036	4.8
1645	-0.620714	113.441891	0.007470	3.9
1646	-1.032456	113.402925	0.014548	3.8
1647	-1.106441	113.363995	0.014973	4.2
1648	-0.939454	113.325101	0.015615	4.9
1649	-1.057176	113.286242	0.005280	3.8
1650	-0.241071	113.247419	0.008203	3.9
1651	-0.820522	113.208631	0.006100	4.2
1652	-0.868247	113.169879	0.006162	5.1
1653	-0.001645	113.131162	0.000649	3.9
1654	-0.953264	113.092480	0.006546	4.3
1655	-0.975311	113.053833	0.005316	5.5
1656	-1.093382	113.015222	0.008531	4.0
1657	-0.000000	112.976646	0.000000	3.9
1658	-0.000000	112.938105	0.000000	3.9
1659	-0.679088	112.899599	0.006360	4.9
1660	-0.872050	112.861128	0.012359	4.0
1661	-0.963979	112.822692	0.005373	4.2
1662	-0.990824	112.784291	0.016774	4.6
1663	-1.102161	112.745924	0.011463	4.9
1664	0.000000	112.707593	0.000000	3.9
1665	-1.029485	112.669296	0.009803	4.1
1666	-0.317445	112.631034	0.004711	4.1
1667	-0.118213	112.592806	0.006041	4.0
1668	-0.726623	112.554613	0.008259	5.3
1669	-0.950341	112.516455	0.007966	3.9
1670	-0.831386	112.478331	0.005462	4.1
1671	-0.671774	112.440241	0.004973	3.8
1672	-1.088303	112.402186	0.008525	4.5
1673	-0.280039	112.364165	0.002761	3.8
1674	-1.113484	112.326179	0.006921	4.0
1675	-0.622638	112.288227	0.004624	4.7
1676	-0.000000	112.250309	0.000000	4.5
1677	-0.495413	112.212425	0.005039	4.0
1678	-0.610162	112.174575	0.005538	4.2
1679	-0.282471	112.136759	0.006571	4.8
1680	-0.780352	112.098977	0.003164	3.9
1681	-0.388101	112.061229	0.002276	4.0
1682	-1.150379	112.023515	0.012455	5.0
1683	-0.916702	111.985834	0.006138	4.2
1684	-0.896249	111.948188	0.009333	4.2
1685	-0.951851	111.910575	0.013328	6.9
1686	-0.693168	111.872996	0.006491	4.7
1687	-1.061888	111.835450	0.013039	4.2
1688	-1.141827	111.797939	0.012706	6.1
1689	-0.978735	111.760460	0.012398	4.1
1690	-0.669957	111.723015	0.007456	3.9
1691	-0.478694	111.685604	0.007437	4.3
1692	-0.000000	111.648226	0.000000	6.3
1693	-1.162143	111.610881	0.006211	3.9
1694	-0.764815	111.573570	0.005859	4.0
1695	-0.618725	111.536292	0.008578	6.0
1696	-1.023771	111.499047	0.009285	5.0
1697	-1.196415	111.461835	0.009531	3.9
1698	-0.026596	111.424656	0.000287	4.5
1699	-1.212856	111.387510	0.007194	6.4
1700	-0.665356	111.350398	0.004708	4.2
1701	-1.175927	111.313318	0.009879	4.2
1702	-0.984400	111.276271	0.009657	6.1
1703	-1.023861	111.239257	0.005889	4.6
1704	-1.080315	111.202276	0.004764	4.0
1705	-1.161854	111.165328	0.009217	6.1
1706	-0.900978	111.128412	0.010274	4.3
1707	-0.269632	111.091529	0.005442	3.9
1708	-0.866250	111.054679	0.013072	5.5
1709	-0.740247	111.017861	0.006057	3.9
1710	-0.912664	110.981076	0.008534	4.2
1711	-0.261294	110.944323	0.005221	4.0
1712	-0.987591	110.907603	0.003261	4.5
1713	-0.875403	110.870915	0.012853	4.5
1714	-0.635153	110.834259	0.005015	5.2
1715	-1.148573	110.797636	0.014676	4.5
1716	-0.848407	110.761045	0.008226	4.2
1717	-0.699715	110.724486	0.006463	5.0
1718	-0.000002	110.687959	0.000002	4.4
1719	-0.515929	110.651465	0.008398	4.4
1720	-1.028136	110.615002	0.006684	5.3
1721	-0.000000	110.578572	0.000000	3.9
1722	-0.869777	110.542173	0.004568	4.4
1723	-0.786598	110.505807	0.005906	5.3
1724	-1.000914	110.469472	0.012893	3.9
1725	0.000000	110.433169	0.000000	4.1
1726	-0.775785	110.396898	0.004211	4.2
1727	-0.056884	110.360659	0.003609	5.0
1728	-0.669496	110.324451	0.005196	4.0
1729	-0.708637	110.288276	0.004543	4.1
1730	-1.002428	110.252131	0.011034	5.4
1731	-0.000000	110.216019	0.000000	4.0
1732	-1.006889	110.179937	0.008574	3.9
1733	-0.755757	110.143888	0.004561	4.3
1734	-0.339752	110.107869	0.005223	4.9
1735	-1.056470	110.071882	0.006623	4.2
1736	-1.198679	110.035927	0.008023	4.1
1737	-1.121649	110.000003	0.007322	5.7
1738	-0.984673	109.964110	0.009211	4.0
1739	-0.867691	109.928248	0.006752	3.8
1740	-1.094098	109.892417	0.008293	4.4
1741	-0.953242	109.856618	0.008375	5.3
1742	-0.683696	109.820850	0.005744	3.9
1743	-0.823459	109.785112	0.009305	4.2
1744	-1.118718	109.749406	0.007589	5.3
1745	-0.881940	109.713730	0.006749	4.0
1746	-1.017222	109.678086	0.007938	4.0
1747	-0.755393	109.642472	0.003913	5.3
1748	-0.000000	109.606890	0.000000	5.6
1749	-0.720818	109.571337	0.004903	4.1
1750	-0.979192	109.535816	0.004551	3.9
1751	-0.391522	109.500326	0.002568	5.1
1752	-0.874108	109.464866	0.005256	4.1
1753	-1.028119	109.429436	0.017752	5.0
1754	-0.209261	109.394038	0.008002	4.1
1755	-1.004848	109.358669	0.005186	4.8
1756	-1.029347	109.323331	0.007397	3.9
1757	-0.000112	109.288024	0.000057	4.1
1758	-0.458638	109.252747	0.008381	4.6
1759	-0.838996	109.217501	0.006822	4.6
1760	-0.804144	109.182284	0.005571	4.0
1761	-0.553027	109.147098	0.010087	4.0
1762	-1.026618	109.111942	0.010774	4.8
1763	-1.019407	109.076817	0.006244	3.9
1764	-0.846507	109.041721	0.009464	4.3
1765	-1.036674	109.006656	0.011745	3.9
1766	-0.921049	108.971620	0.010829	4.7
1767	-0.884880	108.936615	0.003554	5.2
1768	-0.804455	108.901640	0.005611	4.0
1769	-0.743941	108.866694	0.005595	4.3
1770	-0.355813	108.831779	0.006001	5.4
1771	-0.906524	108.796893	0.007391	4.8
1772	-0.804545	108.762037	0.005816	3.9
1773	-0.797232	108.727211	0.005569	5.0
1774	-1.091016	108.692415	0.006520	4.8
1775	-0.770991	108.657648	0.008195	4.0
1776	-0.000527	108.622911	0.000068	4.2
1777	-0.823576	108.588203	0.005997	5.6
1778	-0.924240	108.553525	0.005791	3.9
1779	-0.749821	108.518877	0.004213	4.0
1780	-1.108188	108.484258	0.008762	5.3
1781	-0.000000	108.449668	0.000000	3.9
1782	-1.088993	108.415108	0.008415	4.0
1783	-0.644289	108.380578	0.005423	5.0
1784	-0.000003	108.346076	0.000001	4.9
1785	-0.945887	108.311604	0.007153	4.0
1786	-0.000000	108.277161	0.000000	5.3
1787	-1.148849	108.242747	0.010172	6.4
1788	-1.058503	108.208363	0.009850	4.1
1789	-0.696589	108.174007	0.012136	7.4
1790	-0.511225	108.139681	0.009888	4.2
1791	-0.000022	108.105383	0.000016	4.1
1792	-0.097937	108.071115	0.005003	5.8
1793	-0.832219	108.036875	0.009370	5.0
1794	-0.763549	108.002665	0.005645	3.8
1795	-0.748151	107.968483	0.005527	4.0
1796	-1.168093	107.934330	0.005070	5.3
1797	-0.650792	107.900206	0.003622	4.1
1798	-1.013740	107.866111	0.005673	4.3
1799	-0.724711	107.832044	0.004138	4.9
1800	-0.956836	107.798007	0.005873	4.9
1801	-0.981955	107.763997	0.004377	4.4
1802	-0.855299	107.730017	0.008041	3.9
1803	-0.996169	107.696065	0.006118	5.7
1804	-0.830058	107.662141	0.006951	4.1
1805	-0.792858	107.628246	0.006884	4.9
1806	-0.613353	107.594379	0.004694	5.2
1807	-0.628529	107.560541	0.004361	5.0
1808	-0.876148	107.526731	0.010973	4.2
1809	-0.295033	107.492949	0.004056	3.9
1810	-0.693614	107.459196	0.005172	4.2
1811	-1.227539	107.425471	0.008853	4.9
1812	-0.945793	107.391774	0.009340	4.6
1813	-1.107022	107.358106	0.007363	4.1
1814	-0.425841	107.324465	0.004163	4.3
1815	-0.653592	107.290853	0.004962	5.4
1816	-0.869962	107.257268	0.011115	3.9
1817	0.000000	107.223712	0.000000	4.8
1818	-0.950418	107.190184	0.003324	5.4
1819	-1.056950	107.156683	0.013793	3.9
1820	-0.966442	107.123211	0.008648	4.0
1821	-0.000597	107.089766	0.000202	5.4
1822	0.000000	107.056349	0.000000	4.0
1823	-0.880772	107.022960	0.017757	4.0
1824	0.000000	106.989599	0.000000	4.6
1825	-1.052185	106.956265	0.014221	4.9
1826	-0.791106	106.922960	0.008525	4.3
1827	-0.992960	106.889681	0.006614	4.7
1828	-0.012744	106.856431	0.002014	7.2
1829	-0.136681	106.823208	0.008399	4.2
1830	-0.561942	106.790012	0.004949	4.7
1831	-0.040887	106.756844	0.003687	5.3
1832	-0.753473	106.723703	0.006177	4.0
1833	-0.000000	106.690590	0.000000	4.0
1834	-1.018218	106.657505	0.005068	6.0
1835	-0.827379	106.624446	0.008207	4.1
1836	-0.868065	106.591415	0.005013	3.9
1837	-1.072515	106.558411	0.005401	4.4
1838	-0.931770	106.525435	0.007934	4.9
1839	-0.987621	106.492485	0.006169	3.9
1840	-1.093133	106.459563	0.011092	4.2
1841	-0.734134	106.426668	0.007417	6.0
1842	-0.637562	106.393800	0.005159	3.9
1843	-0.911727	106.360959	0.006108	4.1
1844	-0.709906	106.328145	0.005663	4.9
1845	-0.857729	106.295358	0.005226	5.2
1846	-0.976096	106.262598	0.009757	4.0
1847	-0.893368	106.229865	0.006450	5.1
1848	-0.697736	106.197158	0.004310	5.4
1849	-0.531015	106.164479	0.003907	3.9
1850	-0.000000	106.131826	0.000000	4.3
1851	-1.014773	106.099201	0.007393	4.0
1852	-0.912844	106.066602	0.004950	5.4
1853	-0.061623	106.034029	0.004234	4.3
1854	-0.561216	106.001483	0.008440	4.0
1855	-0.726856	105.968964	0.005744	4.9
1856	-0.745531	105.936472	0.006434	4.9
1857	-1.131264	105.904006	0.013055	4.0
1858	-0.000000	105.871566	0.000000	4.1
1859	-0.637343	105.839153	0.007173	4.3
1860	-1.141127	105.806767	0.009866	4.9
1861	0.000000	105.774407	0.000000	4.4
1862	0.000000	105.742073	0.000000	4.2
1863	-0.938387	105.709766	0.011796	3.9
1864	-0.830480	105.677485	0.005190	4.7
1865	-1.059573	105.645230	0.007709	4.0
1866	-0.558023	105.613001	0.005269	4.1
1867	-0.000000	105.580799	0.000000	5.4
1868	-0.890722	105.548623	0.007171	4.5
1869	0.000000	105.516473	0.000000	4.0
1870	-0.000000	105.484349	0.000000	4.5
1871	-0.000000	105.452251	0.000000	4.8
1872	-0.000000	105.420179	0.000000	3.7
1873	-0.880055	105.388133	0.010960	4.5
1874	-0.234101	105.356113	0.004132	5.3
1875	-1.106113	105.324119	0.010892	3.9
1876	-0.673055	105.292151	0.006904	4.0
1877	-0.577553	105.260209	0.004458	4.4
1878	-0.595927	105.228293	0.004113	4.9
1879	-0.179649	105.196402	0.005810	4.0
1880	-0.508140	105.164537	0.005721	4.1
1881	-0.875506	105.132698	0.003389	5.6
1882	-1.009062	105.100885	0.009179	5.0
1883	-0.283400	105.069097	0.005044	9.7
1884	-0.000000	105.037335	0.000000	7.8
1885	-0.739735	105.005598	0.005300	8.9
1886	-0.673201	104.973887	0.011282	7.6
1887	-1.025420	104.942202	0.010134	8.6
1888	-0.872519	104.910542	0.005052	7.1
1889	-1.139862	104.878907	0.007125	8.8
1890	-1.085079	104.847298	0.003996	6.9
1891	-1.090645	104.815715	0.009224	7.0
1892	-0.594398	104.784156	0.003857	7.6
1893	-0.000000	104.752623	0.000000	6.7
1894	-0.782983	104.721116	0.005697	7.7
1895	-1.043731	104.689633	0.006242	6.5
1896	-0.000000	104.658176	0.000000	7.1
1897	-0.077220	104.626744	0.002638	6.7
1898	-0.981327	104.595337	0.010691	7.3
1899	-0.744649	104.563955	0.006840	7.3
1900	-0.036480	104.532599	0.002175	6.5
1901	-0.914112	104.501267	0.008794	6.6
1902	-1.141270	104.469960	0.010648	7.1
1903	-1.037338	104.438679	0.013299	6.6
1904	-0.784304	104.407422	0.010560	7.4
1905	-1.007783	104.376191	0.003598	6.6
1906	-0.513140	104.344984	0.009195	7.1
1907	-0.808690	104.313802	0.011250	6.7
1908	-0.790173	104.282645	0.006932	7.1
1909	-0.613604	104.251513	0.006743	6.6
1910	-0.615769	104.220405	0.005717	7.9
1911	-0.905805	104.189323	0.011175	7.1
1912	-0.920775	104.158265	0.005055	7.4
1913	-1.036515	104.127231	0.011232	6.9
1914	-1.049388	104.096222	0.006449	8.0
1915	-0.375576	104.065238	0.008061	6.6
1916	-0.000000	104.034279	0.000000	6.6
1917	-0.882257	104.003344	0.005928	7.3
1918	-1.044436	103.972433	0.005704	6.7
1919	-0.923630	103.941547	0.014326	7.0
1920	-0.000000	103.910686	0.000000	6.6
1921	-0.989420	103.879849	0.004165	7.5
1922	-0.085399	103.849036	0.002867	6.6
1923	-0.675431	103.818248	0.004965	7.7
1924	-0.000000	103.787484	0.000000	7.6
1925	-0.858252	103.756744	0.004769	6.9
1926	-0.825347	103.726029	0.008436	7.7
1927	-0.705168	103.695338	0.004823	6.6
1928	-0.811877	103.664671	0.006731	7.0
1929	-0.961108	103.634028	0.004294	6.4
1930	-0.945046	103.603409	0.005522	6.7
1931	-0.640571	103.572814	0.006228	8.0
1932	-1.059330	103.542244	0.007602	7.0
1933	-0.944170	103.511698	0.006288	7.7
1934	-0.719982	103.481175	0.005230	7.0
1935	-0.693660	103.450677	0.007308	7.9
1936	-0.863433	103.420202	0.006875	6.5
1937	-0.651486	103.389752	0.007168	7.6
1938	-0.988107	103.359325	0.005914	6.6
1939	-0.526434	103.328922	0.005196	7.4
1940	-0.000000	103.298543	0.000000	7.3
1941	-0.831650	103.268188	0.005698	7.4
1942	-1.111474	103.237857	0.009524	7.1
1943	-1.091928	103.207549	0.007231	7.4
1944	-0.426934	103.177265	0.008133	7.9
1945	-0.447301	103.147005	0.007022	7.1
1946	-0.000000	103.116768	0.000000	7.4
1947	-0.000000	103.086556	0.000000	7.0
1948	-0.708911	103.056366	0.006070	7.9
1949	-0.483355	103.026200	0.005165	7.0
1950	-0.940251	102.996058	0.007814	8.2
1951	-0.109724	102.965939	0.002365	6.9
1952	-0.710294	102.935844	0.007307	8.0
1953	-0.618196	102.905772	0.006156	6.9
1954	-0.627325	102.875724	0.008070	9.4
1955	-0.000000	102.845699	0.000000	8.5
1956	-0.000000	102.815697	0.000000	11.0
1957	-1.058200	102.785719	0.005713	9.1
1958	-0.971893	102.755764	0.003753	7.8
1959	-1.015796	102.725832	0.008981	8.3
1960	-1.143071	102.695924	0.007885	7.5
1961	-0.000001	102.666038	0.000001	7.0
1962	-0.676644	102.636176	0.007791	9.6
1963	-0.094368	102.606337	0.002064	8.3
1964	-1.085803	102.576521	0.014317	8.2
1965	-0.926633	102.546728	0.004851	7.7
1966	-1.016591	102.516959	0.010083	7.6
1967	-0.862725	102.487212	0.007229	7.2
1968	-1.068348	102.457488	0.014517	7.2
1969	-0.668252	102.427788	0.005759	6.5
1970	-0.918454	102.398110	0.015147	7.5
1971	-0.993922	102.368455	0.007882	6.5
1972	-0.716615	102.338823	0.007704	8.4
1973	-0.432886	102.309214	0.008821	7.2
1974	-0.798766	102.279628	0.007632	7.8
1975	-0.810969	102.250064	0.013522	5.9
1976	-0.041795	102.220524	0.000889	8.7
1977	-0.000000	102.191006	0.000000	7.2
1978	-0.119938	102.161511	0.005232	9.3
1979	-1.057770	102.132038	0.005288	6.9
1980	-0.944637	102.102588	0.009436	12.5
1981	-0.946846	102.073161	0.010883	7.2
1982	-0.000000	102.043757	0.000000	9.3
1983	-1.010545	102.014375	0.007664	7.1
1984	-1.057103	101.985015	0.008461	9.2
1985	-0.952616	101.955678	0.011235	8.1
1986	-0.777303	101.926364	0.005396	8.6
1987	-0.818645	101.897072	0.005215	7.1
1988	-0.922722	101.867802	0.014437	7.9
1989	-1.115046	101.838555	0.015296	7.4
1990	-0.012763	101.809330	0.001697	7.3
1991	0.000000	101.780128	0.000000	9.0
1992	-0.000000	101.750948	0.000000	6.9
1993	-0.986296	101.721790	0.014878	7.5
1994	-0.985549	101.692654	0.009533	7.8
1995	-0.586499	101.663541	0.005721	7.2
1996	-0.000000	101.634450	0.000000	7.6
1997	-1.058560	101.605381	0.007283	7.6
1998	-0.854358	101.576335	0.008822	7.4
1999	-1.132752	101.547310	0.008365	7.7
