1:ItNr	2:Metric	3:StepSize	4:||Gradient||	Time[ms]
0	-0.874096	627.201626	0.008624	718.5
1	-0.066968	623.504937	0.002239	6.2
2	-0.000000	619.865785	0.000000	8.4
3	-0.046943	616.282728	0.003220	6.4
4	-0.921993	612.754375	0.015988	8.7
5	-0.746436	609.279381	0.009002	6.8
6	-0.545919	605.856447	0.006401	9.6
7	-0.668265	602.484317	0.010167	6.9
8	-1.013524	599.161779	0.012765	8.1
9	-0.536015	595.887656	0.008794	6.9
10	-0.791165	592.660813	0.012989	7.7
11	-0.000000	589.480151	0.000000	6.8
12	-0.882449	586.344606	0.007861	8.8
13	-0.643863	583.253145	0.014047	6.8
14	-0.984728	580.204771	0.013178	9.5
15	-0.721250	577.198517	0.009447	7.4
16	-0.378047	574.233444	0.004739	10.4
17	-0.555343	571.308645	0.006587	6.8
18	-0.592413	568.423237	0.007139	7.6
19	-0.000000	565.576365	0.000000	6.7
20	-0.203408	562.767201	0.005405	9.5
21	-0.343090	559.994938	0.011879	7.0
22	-0.797967	557.258797	0.007759	9.1
23	-0.022760	554.558018	0.003309	7.1
24	-0.057669	551.891865	0.002260	9.2
25	-0.763996	549.259621	0.008844	7.3
26	-0.903508	546.660592	0.010875	8.7
27	-0.691525	544.094102	0.006584	7.7
28	-0.045893	541.559494	0.001524	8.6
29	-0.860525	539.056129	0.008619	7.0
30	-0.945746	536.583387	0.012610	7.0
31	-0.471998	534.140663	0.007190	9.0
32	-0.511049	531.727370	0.005051	7.0
33	-0.651956	529.342935	0.006698	8.3
34	-0.393397	526.986802	0.006984	7.0
35	-0.791190	524.658430	0.005661	8.4
36	-0.487787	522.357290	0.005922	6.8
37	-0.449053	520.082868	0.007781	8.8
38	-0.302870	517.834665	0.004175	7.2
39	-0.482095	515.612193	0.006260	8.1
40	-0.244495	513.414976	0.005312	6.7
41	-0.869161	511.242551	0.007755	8.3
42	-0.815606	509.094468	0.007170	6.6
43	-0.674071	506.970285	0.006516	8.7
44	-0.438979	504.869574	0.006198	6.8
45	-0.883578	502.791916	0.008435	8.5
46	-0.000000	500.736903	0.000000	6.8
47	-0.450781	498.704137	0.007253	9.1
48	-0.495765	496.693228	0.008096	6.8
49	-0.525610	494.703798	0.004883	9.2
50	-0.000000	492.735476	0.000000	6.9
51	-0.568039	490.787900	0.008871	9.1
52	-0.539991	488.860718	0.006133	6.7
53	-0.677619	486.953585	0.010770	7.3
54	-0.625873	485.066164	0.006418	7.6
55	-0.406777	483.198126	0.004903	7.3
56	-0.326919	481.349149	0.005342	7.6
57	-0.558535	479.518920	0.006315	6.7
58	-0.571515	477.707132	0.009657	7.3
59	-0.982358	475.913485	0.008511	6.6
60	-0.778324	474.137684	0.007731	8.2
61	-0.649544	472.379445	0.009238	6.9
62	-0.885135	470.638485	0.007506	8.9
63	-0.215044	468.914531	0.006992	7.4
64	-0.914504	467.207315	0.012200	10.4
65	-0.620801	465.516573	0.006493	6.9
66	-0.000000	463.842050	0.000000	6.9
67	-0.838516	462.183494	0.014296	8.0
68	-0.506506	460.540658	0.006424	6.8
69	-0.000000	458.913303	0.000000	8.4
70	-0.842077	457.301192	0.006891	6.9
71	-0.888367	455.704096	0.008706	8.1
72	-0.845268	454.121787	0.015989	7.2
73	-0.823594	452.554045	0.008418	8.1
74	-0.775126	451.000653	0.007349	6.7
75	-0.491930	449.461399	0.004201	7.9
76	-0.000000	447.936075	0.000000	7.0
77	-0.488954	446.424477	0.005936	8.1
78	-0.778058	444.926406	0.013406	7.0
79	-0.587490	443.441666	0.007975	8.4
80	-0.630099	441.970065	0.006955	6.9
81	-0.360170	440.511415	0.005996	9.1
82	-0.000000	439.065533	0.000000	6.9
83	-0.883186	437.632238	0.009309	9.6
84	-0.882562	436.211351	0.008825	7.4
85	-0.725100	434.802701	0.008750	8.5
86	-0.705822	433.406117	0.013184	6.8
87	-0.922564	432.021430	0.014149	9.6
88	-0.827370	430.648479	0.007666	7.1
89	-0.000000	429.287101	0.000000	8.9
90	-0.909601	427.937140	0.006911	7.1
91	-0.426653	426.598440	0.005358	8.9
92	-0.555309	425.270849	0.007129	7.8
93	-0.708896	423.954220	0.010730	8.5
94	-0.351952	422.648404	0.006119	6.9
95	-0.000000	421.353259	0.000000	6.9
96	-0.522015	420.068643	0.005952	8.9
97	-0.709108	418.794419	0.008749	7.0
98	-0.586728	417.530451	0.005607	8.1
99	-0.096194	416.276604	0.003139	7.1
100	-0.000000	415.032748	0.000000	8.3
101	-0.978167	413.798754	0.018272	7.2
102	-1.023849	412.574495	0.020710	7.8
103	-0.524642	411.359849	0.006053	6.8
104	-1.056537	410.154691	0.009591	7.9
105	-0.000000	408.958904	0.000000	7.0
106	-0.834317	407.772368	0.006586	8.5
107	-0.000000	406.594968	0.000000	7.0
108	-0.772880	405.426590	0.006232	8.8
109	-0.346366	404.267122	0.005708	6.9
110	-0.000157	403.116456	0.000128	8.7
111	-0.206838	401.974481	0.005076	6.9
112	-0.615701	400.841093	0.006127	9.4
113	-0.563646	399.716187	0.006117	7.1
114	-0.000000	398.599660	0.000000	9.0
115	-0.640152	397.491411	0.007362	7.0
116	-0.289843	396.391342	0.005730	9.5
117	-0.844560	395.299353	0.006981	7.2
118	-0.796444	394.215350	0.007718	8.8
119	-0.000000	393.139238	0.000000	7.5
120	-0.908361	392.070924	0.008328	8.7
121	-0.931032	391.010316	0.023179	7.1
122	-0.000000	389.957325	0.000000	8.9
123	-0.746496	388.911862	0.022744	6.7
124	-0.000000	387.873839	0.000000	7.0
125	-0.000000	386.843173	0.000000	9.2
126	-0.000000	385.819777	0.000000	6.8
127	-0.687647	384.803569	0.006895	8.4
128	-0.000000	383.794468	0.000000	8.6
129	-0.809574	382.792393	0.015580	7.8
130	-0.073998	381.797264	0.001012	6.9
131	-0.448529	380.809005	0.005621	8.0
132	-0.065360	379.827537	0.000865	6.8
133	-0.473144	378.852786	0.004638	7.5
134	-0.381070	377.884678	0.008638	6.7
135	-0.826092	376.923138	0.011154	8.8
136	-0.695648	375.968095	0.008497	6.7
137	-0.000000	375.019479	0.000000	8.5
138	-0.872016	374.077218	0.013500	6.8
139	-0.000000	373.141244	0.000000	8.4
140	-0.748682	372.211489	0.005071	6.8
141	-0.751983	371.287887	0.011706	8.9
142	-0.000000	370.370370	0.000000	6.7
143	-0.000000	369.458876	0.000000	10.1
144	-0.000000	368.553338	0.000000	6.7
145	-0.909882	367.653696	0.015378	9.0
146	-0.363256	366.759885	0.005009	6.7
147	-0.792417	365.871846	0.010463	9.1
148	-0.788370	364.989518	0.008370	7.3
149	-0.869372	364.112841	0.007495	9.7
150	-0.926319	363.241757	0.012584	7.4
151	-0.654189	362.376208	0.006829	9.1
152	-0.141347	361.516137	0.003065	7.5
153	-0.562729	360.661488	0.006344	7.2
154	-0.000000	359.812206	0.000000	9.2
155	-0.790276	358.968236	0.008966	7.1
156	-0.000000	358.129524	0.000000	7.6
157	-0.709051	357.296018	0.007657	7.1
158	0.000000	356.467665	0.000000	7.6
159	-0.589087	355.644414	0.006566	7.1
160	-0.000000	354.826213	0.000000	8.5
161	-0.958303	354.013012	0.008466	7.2
162	-0.687975	353.204763	0.008664	8.9
163	-0.925324	352.401415	0.010166	7.2
164	-0.988483	351.602922	0.024547	7.4
165	-0.000000	350.809235	0.000000	6.9
166	-0.416128	350.020308	0.005347	8.8
167	-0.545429	349.236095	0.005937	6.9
168	-0.873026	348.456550	0.005045	8.4
169	-0.851401	347.681627	0.007232	6.9
170	-0.546326	346.911283	0.010235	8.6
171	-0.589725	346.145474	0.005127	6.8
172	-0.632520	345.384157	0.008666	8.9
173	-0.602678	344.627288	0.005817	6.9
174	-0.791559	343.874826	0.005973	9.3
175	-0.029432	343.126729	0.000415	7.1
176	-0.180496	342.382957	0.001881	8.9
177	-0.584348	341.643469	0.006394	7.1
178	-0.676734	340.908224	0.009028	9.2
179	-0.568183	340.177184	0.005709	6.8
180	-0.000019	339.450309	0.000033	9.5
181	-0.998033	338.727561	0.012307	7.1
182	-0.742888	338.008902	0.006604	9.3
183	-0.886492	337.294295	0.008438	7.2
184	-0.634934	336.583703	0.007191	8.6
185	-0.894403	335.877089	0.008259	6.9
186	-0.565449	335.174416	0.011316	9.2
187	-0.551952	334.475651	0.005391	7.7
188	-0.890122	333.780756	0.007620	8.8
189	-0.895328	333.089698	0.007676	6.9
190	-0.000838	332.402443	0.000221	7.2
191	0.000000	331.718955	0.000000	9.0
192	-0.452305	331.039203	0.007784	7.0
193	-0.839127	330.363153	0.018711	8.5
194	-0.829000	329.690771	0.006741	7.6
195	-0.823060	329.022027	0.006228	8.1
196	-0.019934	328.356888	0.001887	7.3
197	-0.000000	327.695322	0.000000	8.1
198	-0.104794	327.037299	0.002184	7.3
199	-0.200729	326.382787	0.004612	8.2
200	-0.583635	325.731758	0.006244	7.1
201	-0.864886	325.084179	0.019203	7.4
202	-0.693841	324.440023	0.006956	6.9
203	-0.908763	323.799258	0.016174	8.1
204	-0.600435	323.161858	0.005481	8.7
205	-0.747219	322.527792	0.009198	9.7
206	-1.009385	321.897034	0.009744	7.1
207	-0.542940	321.269554	0.004316	8.1
208	-0.637582	320.645325	0.008425	7.2
209	-0.000000	320.024320	0.000000	8.1
210	-0.703208	319.406512	0.007630	6.8
211	-0.000000	318.791875	0.000000	7.5
212	-0.054028	318.180381	0.002088	6.6
213	-0.000000	317.572005	0.000000	9.1
214	-0.666814	316.966721	0.009799	6.7
215	-0.387665	316.364504	0.003682	9.6
216	-0.000000	315.765329	0.000000	7.0
217	-0.779181	315.169170	0.008584	9.0
218	0.000000	314.576003	0.000000	7.3
219	-0.919474	313.985804	0.017061	9.2
220	-0.359574	313.398548	0.004737	6.9
221	-0.843194	312.814213	0.005677	9.0
222	-0.053295	312.232773	0.001378	7.0
223	-0.953096	311.654207	0.008697	8.2
224	-0.156997	311.078491	0.002109	7.1
225	-0.961087	310.505602	0.012721	6.8
226	-0.860348	309.935518	0.006892	6.7
227	-0.000000	309.368217	0.000000	7.0
228	-0.586688	308.803676	0.004272	6.6
229	-0.621208	308.241874	0.006202	7.1
230	-0.160052	307.682789	0.006039	6.7
231	-0.508903	307.126400	0.005073	8.3
232	-0.808932	306.572687	0.003730	6.8
233	-0.814181	306.021627	0.007114	8.6
234	-0.000000	305.473201	0.000000	6.7
235	-0.422901	304.927388	0.007565	8.4
236	-0.504631	304.384168	0.005512	6.9
237	-0.327134	303.843521	0.004677	8.8
238	-0.588673	303.305427	0.005170	6.8
239	-1.019346	302.769867	0.005314	8.3
240	-0.531918	302.236821	0.006764	6.8
241	-0.783786	301.706270	0.006726	8.4
242	-0.729938	301.178196	0.005463	6.7
243	-0.682861	300.652580	0.019564	8.9
244	-0.786759	300.129402	0.006106	6.6
245	-0.764900	299.608645	0.005249	8.9
246	-0.819193	299.090291	0.008499	6.6
247	-0.960436	298.574321	0.006491	9.1
248	-0.890374	298.060718	0.006914	6.6
249	-0.625151	297.549465	0.005435	8.6
250	-0.828575	297.040543	0.007123	6.5
251	-0.632813	296.533936	0.006859	7.6
252	-0.896245	296.029626	0.007343	7.5
253	-0.865342	295.527597	0.026373	7.2
254	-1.042361	295.027832	0.009018	7.2
255	-0.624497	294.530315	0.007429	6.7
256	-0.000000	294.035028	0.000000	7.1
257	-0.736117	293.541956	0.006514	6.6
258	-0.562735	293.051083	0.005451	8.8
259	-0.000000	292.562393	0.000000	6.8
260	-0.883763	292.075870	0.014381	6.9
261	-0.655318	291.591498	0.005156	8.9
262	-0.864870	291.109263	0.005568	7.0
263	-0.319412	290.629149	0.005412	7.1
264	-0.500537	290.151140	0.009849	7.2
265	-0.000000	289.675222	0.000000	6.6
266	-0.452969	289.201380	0.004463	7.2
267	-0.166051	288.729600	0.001618	6.6
268	-0.811016	288.259866	0.009479	7.7
269	-0.766018	287.792165	0.010015	6.7
270	-0.247594	287.326481	0.010315	8.7
271	-0.842356	286.862802	0.007890	6.7
272	-0.489272	286.401113	0.005061	8.1
273	-0.000000	285.941400	0.000000	6.4
274	-0.843821	285.483649	0.008921	9.0
275	-0.926148	285.027847	0.006161	6.7
276	-0.695324	284.573981	0.006363	9.1
277	-0.125558	284.122037	0.005674	6.6
278	-0.866646	283.672002	0.005877	7.7
279	-0.656865	283.223863	0.006601	6.7
280	-0.774018	282.777607	0.003413	8.7
281	-0.949085	282.333221	0.022859	6.7
282	-0.456361	281.890692	0.005794	9.3
283	-0.626349	281.450008	0.006403	6.7
284	-0.771439	281.011157	0.006133	9.0
285	-0.834491	280.574125	0.005571	6.8
286	-0.143333	280.138901	0.005436	9.0
287	-0.865904	279.705473	0.007031	6.8
288	-0.000000	279.273829	0.000000	7.9
289	-0.918449	278.843956	0.011170	7.2
290	-0.796884	278.415844	0.007335	7.2
291	-0.521379	277.989479	0.007388	7.5
292	-0.785920	277.564851	0.005237	6.7
293	-0.848275	277.141949	0.007998	7.3
294	-0.639397	276.720761	0.006072	6.8
295	-0.982881	276.301275	0.013836	7.8
296	-0.878530	275.883480	0.007304	6.7
297	-0.000000	275.467366	0.000000	6.8
298	-0.854375	275.052922	0.008957	8.5
299	-0.628987	274.640136	0.008912	8.3
300	-0.859718	274.228998	0.011186	7.7
301	-0.044134	273.819497	0.001298	6.9
302	-0.893643	273.411623	0.009705	8.2
303	-0.989912	273.005365	0.009917	7.0
304	-0.865066	272.600712	0.009862	8.2
305	-0.961771	272.197655	0.008441	6.7
306	-0.678623	271.796184	0.005545	8.6
307	-0.318844	271.396287	0.004498	6.7
308	-0.401254	270.997956	0.003731	8.9
309	-0.562724	270.601180	0.005108	6.8
310	-0.885139	270.205949	0.006725	8.5
311	-0.000000	269.812254	0.000000	6.8
312	-0.804782	269.420085	0.007953	8.8
313	-0.524747	269.029432	0.007096	6.7
314	-0.980558	268.640287	0.008783	8.9
315	-0.450641	268.252638	0.005836	6.7
316	-0.210300	267.866478	0.003105	9.0
317	-0.267968	267.481796	0.003161	6.9
318	-0.757264	267.098584	0.005457	9.4
319	-0.919512	266.716833	0.008818	7.2
320	-0.513779	266.336533	0.005147	8.3
321	-0.832600	265.957676	0.005599	7.2
322	-0.000000	265.580253	0.000000	7.3
323	-0.000000	265.204254	0.000000	7.3
324	-0.822810	264.829672	0.006209	6.7
325	-0.916307	264.456497	0.011623	6.5
326	-0.499269	264.084721	0.004885	7.4
327	-0.991441	263.714335	0.012249	6.5
328	-0.548657	263.345332	0.012721	8.1
329	-0.259739	262.977702	0.002990	6.9
330	-0.806494	262.611438	0.005874	8.9
331	-0.085530	262.246531	0.005644	6.9
332	-0.412954	261.882973	0.004895	8.3
333	-1.069005	261.520756	0.021239	6.9
334	-0.942724	261.159871	0.020464	8.0
335	-0.000000	260.800312	0.000000	6.5
336	-0.913883	260.442070	0.007510	8.6
337	-0.101163	260.085137	0.004781	7.2
338	-0.748187	259.729505	0.005171	8.1
339	-0.693886	259.375167	0.005506	6.7
340	-0.233064	259.022116	0.007670	8.9
341	-0.971936	258.670343	0.007432	6.8
342	-0.488680	258.319841	0.014276	8.1
343	-0.000000	257.970602	0.000000	6.7
344	-0.285688	257.622620	0.003893	9.2
345	-0.000000	257.275887	0.000000	6.7
346	-0.905683	256.930396	0.007157	9.0
347	-0.658202	256.586139	0.006473	6.7
348	-0.574069	256.243109	0.010126	8.8
349	-0.996619	255.901300	0.009059	6.7
350	-0.030750	255.560703	0.003688	7.1
351	-1.009504	255.221313	0.015688	7.1
352	-0.880736	254.883122	0.006408	6.7
353	-0.854097	254.546124	0.005660	7.2
354	-0.000000	254.210311	0.000000	6.6
355	-0.915891	253.875677	0.006034	7.9
356	-1.032403	253.542215	0.007725	7.4
357	-0.662335	253.209918	0.006385	9.2
358	-0.000000	252.878781	0.000000	8.4
359	-0.000000	252.548795	0.000000	9.0
360	-0.141798	252.219956	0.005738	6.9
361	-0.000000	251.892255	0.000000	8.4
362	-0.161426	251.565688	0.005303	6.8
363	-0.616329	251.240247	0.006069	6.8
364	-0.915989	250.915926	0.007778	8.8
365	-0.470590	250.592720	0.005083	6.9
366	-0.754304	250.270621	0.007616	9.0
367	-0.855332	249.949624	0.006615	6.9
368	-0.802988	249.629723	0.004165	7.8
369	-0.000000	249.310911	0.000000	6.5
370	-0.953188	248.993182	0.019231	8.8
371	-0.863020	248.676531	0.007866	7.2
372	-1.051148	248.360952	0.008526	8.3
373	-0.000000	248.046438	0.000000	6.7
374	-0.943527	247.732984	0.005429	8.4
375	-0.338567	247.420584	0.004092	6.6
376	-0.694687	247.109233	0.006352	8.7
377	-0.875371	246.798924	0.005618	6.6
378	-0.009961	246.489652	0.001306	8.5
379	-0.904330	246.181412	0.021252	6.5
380	-0.871268	245.874197	0.006198	9.0
381	-0.000000	245.568002	0.000000	6.7
382	-0.000000	245.262822	0.000000	8.0
383	-0.978644	244.958652	0.009713	7.1
384	-0.822037	244.655485	0.017498	8.6
385	-0.687686	244.353317	0.008494	9.5
386	-0.706724	244.052142	0.005301	9.4
387	-0.648289	243.751955	0.006529	8.4
388	0.000000	243.452750	0.000000	7.8
389	-0.930637	243.154523	0.004982	6.9
390	-0.831669	242.857268	0.006625	9.5
391	-0.671618	242.560980	0.005073	6.9
392	-0.580383	242.265654	0.004213	9.0
393	-0.838881	241.971285	0.008680	6.5
394	0.000000	241.677868	0.000000	6.6
395	-0.707077	241.385397	0.006102	8.9
396	-0.665425	241.093869	0.008732	6.8
397	-0.627290	240.803278	0.007386	9.5
398	-0.000000	240.513619	0.000000	7.0
399	-0.879272	240.224887	0.007296	8.7
400	-0.065933	239.937077	0.000889	6.3
401	-0.786227	239.650186	0.007350	8.9
402	-0.854668	239.364207	0.006289	6.8
403	-0.664717	239.079136	0.006629	8.9
404	-0.850458	238.794969	0.006921	6.7
405	-0.664379	238.511701	0.003110	8.2
406	-0.656033	238.229327	0.005755	6.8
407	-0.794653	237.947843	0.006286	8.6
408	-0.832649	237.667244	0.009014	6.3
409	-0.612222	237.387526	0.003946	9.2
410	-0.000000	237.108684	0.000000	6.6
411	-0.298524	236.830714	0.003821	9.0
412	-0.820496	236.553610	0.006624	6.5
413	-0.482820	236.277370	0.002373	9.1
414	-0.934885	236.001989	0.021976	7.7
415	-0.081552	235.727461	0.002032	8.7
416	-0.742062	235.453784	0.005061	7.5
417	-0.000000	235.180952	0.000000	9.3
418	-0.000000	234.908962	0.000000	7.1
419	-0.800533	234.637809	0.007080	8.2
420	-0.596745	234.367488	0.004958	6.8
421	-0.305921	234.097997	0.003358	8.9
422	-0.003726	233.829331	0.001037	7.8
423	-0.845997	233.561485	0.007785	9.5
424	-0.000000	233.294456	0.000000	8.4
425	-0.572359	233.028239	0.005221	8.7
426	-0.019631	232.762831	0.003415	6.8
427	-0.904985	232.498228	0.011200	6.9
428	-0.000000	232.234425	0.000000	8.2
429	-0.791575	231.971419	0.007923	6.8
430	-0.636447	231.709205	0.005222	8.2
431	-0.687557	231.447781	0.006333	6.8
432	-0.915128	231.187141	0.004850	8.7
433	-0.000000	230.927283	0.000000	6.9
434	-0.907070	230.668202	0.004398	7.8
435	-0.543357	230.409895	0.006505	6.8
436	-0.547267	230.152358	0.005399	8.2
437	-0.000000	229.895587	0.000000	6.7
438	-0.599846	229.639578	0.005590	8.2
439	-0.558929	229.384329	0.016281	6.7
440	-0.643907	229.129834	0.006919	8.5
441	-0.584968	228.876091	0.005103	6.7
442	-0.844925	228.623096	0.006530	9.3
443	-0.873888	228.370846	0.006598	6.8
444	-0.137707	228.119336	0.003781	7.7
445	-0.695024	227.868563	0.005715	7.2
446	-0.713415	227.618525	0.005746	7.0
447	-0.817061	227.369216	0.008271	7.4
448	-0.537344	227.120635	0.003906	7.0
449	-0.865457	226.872777	0.007764	7.1
450	-1.026486	226.625638	0.006321	6.7
451	-0.669272	226.379217	0.005158	8.4
452	-0.000000	226.133509	0.000000	6.6
453	-0.000000	225.888510	0.000000	8.9
454	-0.621970	225.644218	0.006281	6.9
455	-0.201814	225.400630	0.004108	8.9
456	-0.500859	225.157741	0.005551	6.8
457	-0.599496	224.915549	0.005353	6.8
458	-0.632736	224.674051	0.006365	7.0
459	-0.586548	224.433242	0.004592	7.6
460	-0.000000	224.193121	0.000000	7.1
461	-0.000000	223.953684	0.000000	7.2
462	-0.554447	223.714927	0.006329	6.5
463	-0.495597	223.476848	0.004778	7.3
464	-0.902683	223.239444	0.005072	6.5
465	0.000000	223.002710	0.000000	7.7
466	-0.826029	222.766645	0.007114	6.9
467	-0.449532	222.531245	0.005211	8.3
468	-0.775332	222.296508	0.008142	6.9
469	-0.611321	222.062429	0.008086	7.9
470	-0.972878	221.829007	0.019396	6.7
471	-0.961775	221.596238	0.008526	9.1
472	-1.025613	221.364119	0.007151	6.6
473	-0.000000	221.132647	0.000000	7.7
474	-0.616685	220.901820	0.004794	6.5
475	-1.019321	220.671634	0.006648	8.9
476	-0.765481	220.442086	0.011069	6.7
477	-0.000000	220.213174	0.000000	9.1
478	-0.677290	219.984895	0.004166	6.7
479	-0.472678	219.757246	0.007751	8.2
480	-0.855150	219.530224	0.006907	7.1
481	-0.650130	219.303826	0.007166	7.0
482	-0.922063	219.078050	0.007978	7.5
483	-0.896229	218.852893	0.006215	6.8
484	-0.820788	218.628352	0.007159	7.1
485	-0.941287	218.404424	0.010568	6.5
486	-0.071398	218.181106	0.001330	8.2
487	-0.829517	217.958397	0.007703	6.9
488	-0.868892	217.736292	0.007891	8.8
489	-0.642722	217.514790	0.008178	6.8
490	-0.022768	217.293888	0.000941	7.9
491	-0.968423	217.073584	0.006768	7.2
492	-0.766187	216.853873	0.005645	6.6
493	-0.000000	216.634755	0.000000	6.5
494	-0.733256	216.416227	0.005350	9.4
495	-0.565669	216.198285	0.005582	7.2
496	-0.625122	215.980927	0.011626	7.2
497	-0.872093	215.764151	0.009036	6.7
498	-0.716781	215.547955	0.003838	7.2
499	-0.503927	215.332335	0.006982	6.7
500	-1.031071	215.117289	0.011033	7.3
501	-0.919676	214.902815	0.008759	6.7
502	-0.830126	214.688911	0.006158	8.1
503	-0.586607	214.475573	0.003523	6.5
504	-0.995835	214.262800	0.009296	8.7
505	-0.702602	214.050588	0.005410	6.4
506	-0.925023	213.838936	0.006084	9.1
507	-1.024659	213.627842	0.009820	6.6
508	-0.538604	213.417302	0.008884	8.5
509	-0.328706	213.207314	0.006006	6.4
510	-0.646796	212.997877	0.005852	8.9
511	-0.050738	212.788987	0.004503	6.7
512	-0.442065	212.580642	0.004767	9.2
513	-0.485308	212.372841	0.005914	6.7
514	-0.754246	212.165581	0.007157	9.7
515	-0.446221	211.958859	0.003820	6.8
516	-0.557472	211.752673	0.005948	8.9
517	-0.206764	211.547021	0.002788	6.8
518	-0.919421	211.341902	0.005970	9.3
519	-0.000000	211.137311	0.000000	6.8
520	-0.017438	210.933248	0.001732	8.4
521	-0.814202	210.729710	0.011981	7.0
522	-0.000000	210.526695	0.000000	7.8
523	-0.904636	210.324200	0.006278	7.1
524	-0.308521	210.122224	0.003625	6.3
525	-0.514121	209.920765	0.004450	7.2
526	-0.610856	209.719820	0.004035	6.7
527	-0.000000	209.519387	0.000000	7.6
528	-0.000000	209.319463	0.000000	7.2
529	-0.819470	209.120048	0.007877	8.6
530	-0.833663	208.921139	0.005728	7.6
531	-0.492712	208.722733	0.005702	9.3
532	-0.817906	208.524829	0.005805	8.0
533	-0.875978	208.327425	0.007354	7.4
534	-0.613664	208.130518	0.008433	7.7
535	-0.000000	207.934107	0.000000	7.4
536	-0.623403	207.738189	0.004108	8.8
537	-0.220402	207.542762	0.006148	7.8
538	-0.148095	207.347825	0.002231	9.1
539	-0.844404	207.153376	0.006348	10.4
540	-0.573901	206.959412	0.005880	8.4
541	-0.000000	206.765932	0.000000	11.0
542	-0.932673	206.572933	0.009973	6.9
543	-0.509869	206.380414	0.003556	9.2
544	-0.000000	206.188373	0.000000	7.6
545	-0.000000	205.996807	0.000000	7.7
546	-0.000000	205.805716	0.000000	7.2
547	-0.526926	205.615096	0.006118	7.8
548	-0.866750	205.424946	0.011279	6.5
549	-0.737255	205.235265	0.005144	7.4
550	-0.611859	205.046050	0.006423	6.6
551	-1.055393	204.857299	0.015377	9.6
552	-0.000000	204.669011	0.000000	6.9
553	-0.000000	204.481184	0.000000	9.1
554	-0.000000	204.293816	0.000000	6.9
555	-1.017966	204.106905	0.007852	8.9
556	-0.773456	203.920449	0.006772	7.0
557	-0.822857	203.734447	0.005266	8.9
558	-0.000005	203.548896	0.000015	7.3
559	-0.447076	203.363795	0.006479	9.9
560	-0.594727	203.179143	0.006159	7.1
561	-0.096971	202.994937	0.002541	9.8
562	-0.700067	202.811176	0.006941	6.9
563	-0.000000	202.627857	0.000000	8.5
564	-0.697278	202.444980	0.006253	7.0
565	-0.852076	202.262543	0.007114	7.4
566	-0.844640	202.080543	0.010800	7.9
567	-0.000000	201.898979	0.000000	7.0
568	-0.000000	201.717849	0.000000	8.1
569	-0.989096	201.537153	0.007698	7.1
570	-0.509888	201.356887	0.005217	9.0
571	-0.783478	201.177050	0.007596	7.2
572	-0.499075	200.997642	0.006246	8.4
573	-0.875096	200.818659	0.005799	7.1
574	-0.686826	200.640100	0.006785	7.2
575	-0.880270	200.461965	0.008541	6.5
576	-0.628300	200.284250	0.006635	8.0
577	-0.310430	200.106955	0.004694	6.6
578	-0.300976	199.930078	0.005178	9.0
579	-0.761067	199.753617	0.007542	6.8
580	-0.231605	199.577571	0.005296	8.6
581	-0.772645	199.401938	0.008610	7.0
582	-0.000000	199.226717	0.000000	8.9
583	-0.692455	199.051905	0.004163	6.7
584	-0.692812	198.877502	0.006071	9.1
585	-0.758915	198.703506	0.008028	6.7
586	0.000000	198.529916	0.000000	7.2
587	-1.055274	198.356729	0.008523	7.4
588	-0.656650	198.183944	0.006375	7.1
589	-0.943421	198.011560	0.005416	7.1
590	-0.727825	197.839576	0.007604	7.1
591	-0.700678	197.667989	0.014272	8.0
592	-0.000000	197.496798	0.000000	7.3
593	-0.713620	197.326002	0.005830	9.5
594	-0.833742	197.155600	0.007139	7.5
595	-0.551868	196.985589	0.005643	11.8
596	-0.338601	196.815969	0.004892	15.4
597	-0.702222	196.646738	0.007550	10.9
598	-0.944071	196.477894	0.007112	8.5
599	-0.949746	196.309436	0.011667	8.4
600	-0.834254	196.141363	0.008998	7.8
601	-0.921706	195.973673	0.004805	7.2
602	-0.755403	195.806365	0.007056	7.7
603	-0.822796	195.639437	0.005806	7.3
604	-0.517847	195.472888	0.005464	8.3
605	-0.919922	195.306717	0.008904	8.4
606	-0.766965	195.140922	0.010121	7.2
607	-0.468872	194.975501	0.006083	7.1
608	-0.553560	194.810454	0.006406	7.8
609	-0.834098	194.645779	0.005174	7.1
610	-0.854223	194.481475	0.005485	7.4
611	-0.889519	194.317540	0.011980	6.3
612	-0.000004	194.153973	0.000008	8.3
613	-0.950590	193.990773	0.006706	6.6
614	-0.642364	193.827938	0.005617	8.2
615	-0.448197	193.665467	0.005518	6.7
616	-0.732048	193.503358	0.006065	8.8
617	-0.703212	193.341611	0.006768	6.7
618	-0.955398	193.180224	0.005252	9.0
619	-0.344977	193.019196	0.007532	7.1
620	-0.599827	192.858525	0.005807	8.5
621	-0.587669	192.698210	0.005314	6.9
622	-0.803817	192.538251	0.005994	7.1
623	-0.606362	192.378644	0.003817	7.4
624	-0.696692	192.219391	0.007107	6.6
625	-0.790098	192.060488	0.006229	6.6
626	-0.342489	191.901935	0.004128	7.2
627	-0.692195	191.743730	0.008290	6.6
628	-1.001837	191.585873	0.006155	8.9
629	-0.511544	191.428362	0.005095	6.9
630	-0.000000	191.271196	0.000000	8.6
631	-1.018207	191.114374	0.008865	7.0
632	-0.774803	190.957893	0.007329	9.8
633	-1.066152	190.801755	0.012097	6.5
634	-0.470568	190.645956	0.005903	7.4
635	-0.434266	190.490495	0.007018	6.5
636	-0.896537	190.335373	0.005338	8.5
637	-0.848279	190.180587	0.006562	6.6
638	-0.052799	190.026136	0.003567	8.6
639	-1.051355	189.872019	0.019361	6.6
640	-0.887544	189.718235	0.005699	8.6
641	-0.000000	189.564782	0.000000	6.1
642	-0.976081	189.411661	0.007151	8.5
643	-0.991717	189.258868	0.006349	6.7
644	-0.000000	189.106404	0.000000	9.1
645	-0.513494	188.954267	0.004543	6.7
646	-1.031774	188.802456	0.021786	8.7
647	-0.024887	188.650969	0.000887	6.8
648	-0.698515	188.499807	0.004734	7.7
649	-0.375532	188.348967	0.005326	7.1
650	-0.000000	188.198448	0.000000	6.8
651	-0.597988	188.048250	0.004975	7.0
652	-0.613796	187.898371	0.006249	6.8
653	-0.781696	187.748810	0.008815	7.3
654	-0.000000	187.599566	0.000000	6.7
655	-0.732228	187.450638	0.005261	8.9
656	-0.000000	187.302025	0.000000	6.9
657	-0.310676	187.153725	0.004352	8.4
658	-0.777996	187.005739	0.006614	7.1
659	-0.602886	186.858064	0.005230	6.8
660	-0.807405	186.710699	0.006076	7.0
661	-0.428954	186.563645	0.005547	7.5
662	-0.000000	186.416898	0.000000	6.4
663	-0.620171	186.270459	0.006043	8.0
664	-0.645432	186.124326	0.004663	6.6
665	-0.331407	185.978499	0.005022	7.3
666	-0.913791	185.832976	0.008304	6.5
667	-0.000000	185.687756	0.000000	8.0
668	-0.774640	185.542838	0.006668	6.7
669	-0.129689	185.398222	0.002130	8.9
670	-0.000000	185.253906	0.000000	6.5
671	-0.927363	185.109889	0.004537	8.4
672	-0.812042	184.966170	0.004167	6.7
673	-0.011519	184.822748	0.001612	8.1
674	-0.670991	184.679623	0.006001	6.7
675	-0.864784	184.536792	0.007215	8.4
676	-1.039506	184.394256	0.007593	6.7
677	-0.831297	184.252013	0.004901	8.7
678	-0.653589	184.110062	0.005905	6.7
679	-0.763336	183.968403	0.007879	9.3
680	-0.000000	183.827034	0.000000	6.7
681	-1.068449	183.685954	0.007926	8.9
682	-0.822231	183.545163	0.007676	6.7
683	-0.834647	183.404658	0.006512	8.4
684	-0.898650	183.264441	0.006990	7.0
685	-0.510137	183.124509	0.004393	6.8
686	-1.081694	182.984861	0.009992	7.2
687	-0.683820	182.845497	0.006438	6.9
688	-0.398248	182.706416	0.003206	7.2
689	-0.683588	182.567616	0.004616	6.6
690	-0.607769	182.429098	0.004924	8.1
691	-0.000000	182.290859	0.000000	6.9
692	-0.768351	182.152899	0.008711	8.9
693	-0.901473	182.015217	0.006698	7.0
694	-0.545775	181.877813	0.007403	8.6
695	-0.973142	181.740684	0.006096	7.1
696	-0.965641	181.603832	0.005219	6.8
697	-1.100905	181.467253	0.006714	6.7
698	-0.574067	181.330948	0.008810	7.2
699	-0.000000	181.194916	0.000000	6.5
700	-1.080274	181.059155	0.007041	7.3
701	-0.000000	180.923666	0.000000	6.5
702	-0.000000	180.788446	0.000000	7.0
703	-0.647281	180.653496	0.006198	6.6
704	-0.928836	180.518814	0.005961	8.8
705	-0.850630	180.384399	0.013146	6.7
706	-0.000000	180.250251	0.000000	8.9
707	-0.938739	180.116369	0.007198	6.8
708	-0.509955	179.982752	0.003868	9.0
709	-0.504100	179.849398	0.005074	7.1
710	-0.567422	179.716308	0.005868	8.0
711	-0.823038	179.583480	0.009597	6.6
712	-0.257567	179.450913	0.004534	9.0
713	-0.309979	179.318607	0.004972	6.5
714	-0.815965	179.186561	0.007945	8.8
715	-0.000000	179.054774	0.000000	6.7
716	-0.804840	178.923245	0.005005	8.5
717	-0.766094	178.791973	0.007847	6.7
718	-0.650282	178.660958	0.006232	9.2
719	-0.301522	178.530199	0.003011	6.7
720	-0.184585	178.399694	0.005049	9.2
721	-0.547194	178.269444	0.007979	6.7
722	-0.973034	178.139447	0.007359	8.5
723	-0.963544	178.009702	0.007116	6.9
724	-0.898592	177.880209	0.006919	6.9
725	-0.000000	177.750967	0.000000	7.3
726	-0.733770	177.621975	0.007591	7.0
727	-0.917357	177.493232	0.007489	7.4
728	-0.832095	177.364738	0.006399	6.9
729	-0.959816	177.236492	0.007544	7.4
730	-0.627414	177.108492	0.004679	6.4
731	-0.894246	176.980739	0.005784	7.9
732	-0.795724	176.853231	0.006824	7.1
733	-0.173426	176.725968	0.004615	7.2
734	-0.731336	176.598949	0.004030	7.3
735	-0.709686	176.472173	0.006426	6.8
736	-0.005233	176.345639	0.001699	7.1
737	-0.574523	176.219348	0.005551	6.6
738	-0.661161	176.093296	0.007462	6.5
739	-0.617582	175.967486	0.006005	8.8
740	-0.000000	175.841914	0.000000	6.6
741	-0.000000	175.716581	0.000000	8.7
742	-1.036234	175.591486	0.009740	6.9
743	-0.658705	175.466629	0.008354	8.5
744	-0.420241	175.342008	0.007413	7.0
745	-0.897603	175.217622	0.007387	8.4
746	-0.000000	175.093472	0.000000	7.0
747	-0.829826	174.969556	0.010297	8.2
748	-0.765571	174.845873	0.008951	6.7
749	-0.425414	174.722423	0.003538	9.0
750	-0.859223	174.599206	0.006486	6.7
751	-0.766994	174.476220	0.007600	8.4
752	-0.463562	174.353464	0.005399	6.7
753	-0.782736	174.230939	0.008659	8.9
754	-0.892254	174.108643	0.008468	6.8
755	-0.736991	173.986576	0.013655	8.3
756	-0.786186	173.864737	0.005536	6.7
757	-0.000000	173.743124	0.000000	8.9
758	-0.990332	173.621739	0.004731	6.9
759	-0.000000	173.500579	0.000000	8.3
760	-0.847586	173.379645	0.005627	6.9
761	-0.584372	173.258935	0.006032	7.1
762	-0.514145	173.138449	0.003901	7.0
763	-0.451856	173.018186	0.005654	7.2
764	-0.828886	172.898146	0.008313	6.9
765	-0.319689	172.778327	0.005466	6.9
766	-0.941850	172.658730	0.006941	8.2
767	-1.072201	172.539353	0.008185	6.6
768	-0.918509	172.420196	0.005414	8.2
769	-1.009833	172.301258	0.006525	6.9
770	-0.043550	172.182539	0.002653	6.7
771	-0.773469	172.064037	0.009160	7.4
772	-1.009255	171.945753	0.006153	7.4
773	-0.000000	171.827686	0.000000	6.3
774	-0.383555	171.709834	0.003497	7.1
775	-0.000000	171.592198	0.000000	6.5
776	-0.811232	171.474776	0.005350	7.2
777	-0.000000	171.357568	0.000000	6.5
778	-0.884611	171.240574	0.018118	8.5
779	-1.032130	171.123793	0.008184	6.6
780	-0.845438	171.007223	0.007339	8.6
781	0.000000	170.890865	0.000000	6.4
782	-0.314614	170.774718	0.007028	8.5
783	-0.418493	170.658782	0.004286	6.6
784	-0.522007	170.543055	0.004179	8.5
785	-0.378582	170.427537	0.004965	6.8
786	-0.541496	170.312227	0.005205	9.2
787	-1.002582	170.197125	0.004432	6.6
788	-0.732968	170.082231	0.008724	8.9
789	-0.000000	169.967543	0.000000	6.6
790	-1.003907	169.853061	0.007486	9.5
791	-0.629404	169.738784	0.007984	6.7
792	-1.059769	169.624713	0.009600	8.2
793	-0.400860	169.510845	0.003827	6.8
794	-1.002907	169.397181	0.008122	8.5
795	-0.896405	169.283720	0.011583	7.2
796	-1.060165	169.170462	0.009766	6.9
797	-0.631502	169.057405	0.005191	7.2
798	-0.566662	168.944549	0.005349	7.0
799	-0.709495	168.831895	0.005228	7.2
800	-0.984376	168.719440	0.011262	6.5
801	-0.689990	168.607185	0.006598	8.7
802	-0.846829	168.495129	0.004965	7.5
803	-0.652654	168.383271	0.009241	8.8
804	-0.150456	168.271611	0.001710	6.7
805	-0.845189	168.160148	0.006843	6.8
806	-0.844933	168.048882	0.004461	8.0
807	-0.740789	167.937812	0.007916	7.3
808	-0.809093	167.826938	0.006248	7.5
809	-0.895593	167.716258	0.004654	7.3
810	-0.582968	167.605773	0.007747	6.9
811	-0.226455	167.495482	0.003621	7.2
812	-0.885563	167.385384	0.004794	6.6
813	-0.892071	167.275479	0.006928	7.1
814	-0.900937	167.165766	0.008115	6.7
815	-0.457581	167.056245	0.005581	7.5
816	-0.000216	166.946915	0.000230	6.7
817	-0.927918	166.837776	0.004337	8.8
818	-0.866594	166.728826	0.007613	6.3
819	-0.560861	166.620067	0.003596	9.1
820	-0.851333	166.511496	0.007745	6.7
821	-0.929254	166.403113	0.005442	8.8
822	-0.000000	166.294919	0.000000	6.8
823	-0.577288	166.186912	0.004823	8.3
824	-0.516904	166.079091	0.005906	6.6
825	-0.835089	165.971458	0.007009	8.6
826	-0.032090	165.864009	0.001962	6.7
827	-0.608524	165.756747	0.005459	9.0
828	-0.854935	165.649669	0.006321	6.8
829	-0.845083	165.542775	0.004456	9.0
830	-0.935661	165.436065	0.006705	6.8
831	-0.649985	165.329538	0.004909	8.2
832	-0.684496	165.223194	0.008080	7.2
833	-0.020307	165.117032	0.004776	6.9
834	-0.685560	165.011052	0.006519	7.4
835	-0.000000	164.905253	0.000000	6.7
836	-1.011311	164.799635	0.008116	7.1
837	-0.505213	164.694197	0.006279	6.6
838	-0.410597	164.588939	0.004205	8.1
839	-0.522432	164.483859	0.006057	6.8
840	-0.283329	164.378959	0.003140	9.0
841	-0.475739	164.274237	0.003595	6.8
842	-0.656443	164.169692	0.006202	6.7
843	-0.761917	164.065325	0.008414	7.7
844	-0.754697	163.961135	0.004754	7.5
845	-0.736930	163.857120	0.006326	7.3
846	0.000000	163.753282	0.000000	7.1
847	-0.790883	163.649619	0.005360	7.0
848	-0.964508	163.546130	0.004943	7.1
849	-0.108174	163.442816	0.000883	6.8
850	-0.465344	163.339676	0.004894	7.1
851	-0.883084	163.236709	0.006288	6.6
852	-0.754188	163.133915	0.006819	7.9
853	-0.558897	163.031294	0.004847	6.4
854	-1.035756	162.928844	0.009415	8.5
855	-0.000000	162.826566	0.000000	6.7
856	-0.038901	162.724459	0.003097	9.1
857	-0.915335	162.622523	0.006806	6.7
858	-0.929488	162.520757	0.008313	7.8
859	-0.696004	162.419160	0.004987	6.6
860	-0.121390	162.317733	0.002057	8.9
861	-0.119253	162.216474	0.002754	6.8
862	-0.149298	162.115383	0.002591	8.9
863	-0.515758	162.014461	0.004852	6.7
864	-0.000000	161.913705	0.000000	9.1
865	-0.385745	161.813117	0.004897	6.7
866	-0.000000	161.712695	0.000000	8.2
867	-0.206672	161.612439	0.001936	7.0
868	-0.000000	161.512349	0.000000	7.1
869	-0.679222	161.412424	0.012467	7.3
870	-0.643269	161.312663	0.005884	6.6
871	-1.032181	161.213067	0.008933	7.1
872	-0.809444	161.113635	0.005692	6.7
873	-0.934755	161.014366	0.003945	8.3
874	-1.110688	160.915260	0.008568	6.9
875	-0.586622	160.816316	0.011431	6.8
876	-0.562429	160.717535	0.003891	8.6
877	-0.054472	160.618915	0.004933	6.9
878	-1.009554	160.520456	0.008157	9.1
879	-0.000000	160.422158	0.000000	6.8
880	-0.430338	160.324021	0.003297	9.4
881	-0.962598	160.226043	0.017113	7.4
882	-0.783714	160.128225	0.006516	7.6
883	-0.784654	160.030566	0.005996	7.0
884	-0.586362	159.933066	0.003867	7.7
885	-0.000000	159.835723	0.000000	6.7
886	-0.848661	159.738539	0.007409	8.3
887	-0.733427	159.641512	0.010884	6.8
888	-0.941953	159.544642	0.006097	9.4
889	-0.904991	159.447929	0.005150	7.4
890	-0.969113	159.351372	0.005812	7.8
891	-0.760609	159.254971	0.006557	6.8
892	-0.614186	159.158725	0.006143	9.2
893	-0.836482	159.062634	0.007305	7.2
894	-0.921360	158.966697	0.006166	9.8
895	-0.481917	158.870915	0.003112	8.0
896	-0.025432	158.775286	0.002300	11.1
897	-0.264044	158.679811	0.004486	8.2
898	-0.888964	158.584489	0.009051	8.4
899	-0.000000	158.489319	0.000000	8.2
900	-0.663361	158.394302	0.003408	8.3
901	-0.766503	158.299436	0.008398	8.0
902	-0.979355	158.204721	0.006253	8.7
903	-0.920217	158.110158	0.006140	9.4
904	-0.895278	158.015745	0.007072	7.8
905	-0.000000	157.921482	0.000000	8.0
906	-0.685734	157.827369	0.005690	8.8
907	-0.642006	157.733406	0.005764	7.6
908	-0.936580	157.639591	0.006338	7.8
909	-0.092822	157.545925	0.006528	7.8
910	-0.099974	157.452408	0.002732	7.8
911	-0.908675	157.359038	0.009486	7.9
912	-0.959936	157.265816	0.006258	7.9
913	-0.997067	157.172741	0.005885	7.8
914	-0.000000	157.079813	0.000000	8.1
915	-0.000000	156.987031	0.000000	7.8
916	-0.599767	156.894395	0.005150	8.9
917	-0.000000	156.801904	0.000000	9.2
918	-0.899847	156.709559	0.005215	7.4
919	-0.000000	156.617359	0.000000	10.5
920	-0.771144	156.525304	0.005572	7.1
921	-0.637034	156.433392	0.006602	9.1
922	-0.995874	156.341624	0.006306	6.6
923	-0.829547	156.250000	0.007933	10.1
924	-0.000000	156.158519	0.000000	7.2
925	-0.969903	156.067180	0.006186	7.5
926	-0.864408	155.975984	0.007085	7.2
927	-0.158495	155.884930	0.004601	8.7
928	-1.001782	155.794017	0.006832	7.0
929	-0.551094	155.703246	0.007663	9.2
930	-1.120808	155.612615	0.007266	7.7
931	-1.062661	155.522125	0.005179	8.0
932	-0.968028	155.431775	0.006728	6.9
933	-0.617458	155.341565	0.004953	8.9
934	-0.975706	155.251495	0.006516	7.0
935	-1.016111	155.161563	0.007746	8.9
936	-0.849466	155.071771	0.005280	7.3
937	-0.000000	154.982117	0.000000	7.0
938	-0.000000	154.892601	0.000000	9.4
939	-0.610854	154.803222	0.006952	7.0
940	-0.727517	154.713981	0.009771	8.4
941	-0.962768	154.624878	0.005693	7.3
942	-0.987993	154.535910	0.006663	7.8
943	-0.894089	154.447080	0.007856	6.8
944	-0.463624	154.358385	0.005094	9.1
945	-0.816264	154.269826	0.009734	8.1
946	-0.728632	154.181402	0.005646	8.3
947	-0.680868	154.093114	0.004991	7.0
948	-0.000000	154.004960	0.000000	9.0
949	-1.027760	153.916940	0.007960	7.5
950	0.000000	153.829054	0.000000	9.2
951	-0.000000	153.741303	0.000000	8.0
952	-0.883856	153.653684	0.004260	8.6
953	-1.000530	153.566198	0.007045	8.4
954	-0.604061	153.478846	0.006295	7.7
955	-0.607892	153.391625	0.005154	7.7
956	-1.008484	153.304537	0.006589	8.5
957	-0.444037	153.217580	0.004493	7.5
958	-0.979104	153.130755	0.005764	8.2
959	-0.537790	153.044061	0.003155	9.1
960	-0.000098	152.957498	0.000119	8.2
961	-0.286552	152.871065	0.003662	7.4
962	-0.368374	152.784762	0.003554	9.3
963	-0.750705	152.698589	0.005364	7.8
964	-0.907115	152.612545	0.004378	8.9
965	-0.689466	152.526631	0.006004	7.6
966	-0.613785	152.440845	0.005207	8.2
967	-0.536460	152.355188	0.004550	7.4
968	-0.614152	152.269660	0.005990	8.0
969	-0.718071	152.184259	0.005239	7.3
970	-0.544635	152.098986	0.003452	8.3
971	-0.911662	152.013840	0.007409	7.6
972	-0.000000	151.928821	0.000000	7.9
973	-0.720361	151.843928	0.006276	7.1
974	-0.389274	151.759163	0.004851	8.4
975	-0.698075	151.674523	0.005577	7.4
976	-0.914044	151.590009	0.005083	8.2
977	-0.134688	151.505620	0.003427	6.7
978	-0.596068	151.421357	0.004778	9.4
979	-0.273931	151.337218	0.004807	6.8
980	-0.872031	151.253204	0.004523	9.5
981	-0.960105	151.169314	0.006179	7.2
982	-0.664196	151.085549	0.004471	8.6
983	-0.000000	151.001907	0.000000	6.8
984	-1.032939	150.918388	0.007458	8.8
985	-0.930098	150.834992	0.005678	7.0
986	-0.890296	150.751719	0.008268	8.9
987	-0.864622	150.668569	0.005303	6.8
988	-0.697673	150.585541	0.006449	9.3
989	-0.130212	150.502634	0.002182	7.0
990	-0.000000	150.419849	0.000000	9.4
991	-0.864632	150.337186	0.013109	6.9
992	-0.754605	150.254644	0.005749	8.9
993	-0.000000	150.172222	0.000000	7.2
994	-0.000000	150.089921	0.000000	8.5
995	-0.495824	150.007740	0.003307	7.1
996	-0.993105	149.925679	0.005697	7.7
997	-0.823729	149.843737	0.005004	7.5
998	-0.000000	149.761915	0.000000	7.5
999	-0.607124	149.680212	0.007302	7.4
1000	-0.000000	149.598627	0.000000	7.9
1001	-0.496030	149.517161	0.004748	8.4
1002	-0.485887	149.435814	0.004684	9.1
1003	-0.998661	149.354584	0.007000	7.3
1004	-0.495711	149.273472	0.007012	10.1
1005	-0.812492	149.192477	0.011555	6.8
1006	-0.917080	149.111599	0.005679	8.3
1007	-0.270362	149.030838	0.002473	6.8
1008	-0.000000	148.950194	0.000000	8.9
1009	-1.008108	148.869666	0.015692	6.5
1010	-0.000000	148.789253	0.000000	9.1
1011	-0.880753	148.708957	0.006556	6.9
1012	-1.077657	148.628776	0.014764	9.5
1013	-0.790799	148.548710	0.006906	7.3
1014	-0.914738	148.468759	0.005901	10.2
1015	-0.000000	148.388923	0.000000	7.2
1016	-0.817462	148.309201	0.007145	9.7
1017	-0.733332	148.229594	0.005028	9.1
1018	-1.030913	148.150100	0.005714	8.5
1019	-0.613806	148.070719	0.004506	7.1
1020	-0.912383	147.991452	0.006506	7.5
1021	-0.014793	147.912298	0.001980	6.6
1022	-0.564391	147.833257	0.003984	6.8
1023	-0.000000	147.754329	0.000000	8.7
1024	-0.215530	147.675512	0.002198	6.7
1025	-0.595564	147.596808	0.006058	8.8
1026	-0.326676	147.518216	0.007377	6.5
1027	-0.000000	147.439735	0.000000	8.5
1028	-0.675947	147.361365	0.007428	6.7
1029	-0.400521	147.283106	0.004315	8.7
1030	-0.076247	147.204958	0.000915	6.7
1031	-0.740009	147.126920	0.008806	8.5
1032	-0.445105	147.048993	0.004824	6.7
1033	-0.740876	146.971175	0.006138	8.2
1034	-0.718675	146.893468	0.004029	6.6
1035	-0.000004	146.815869	0.000004	8.8
1036	-0.444314	146.738380	0.006188	6.3
1037	-0.966565	146.661000	0.007060	8.6
1038	-0.759286	146.583729	0.005270	6.7
1039	-0.916028	146.506566	0.006209	7.6
1040	-0.000000	146.429511	0.000000	7.4
1041	-0.794553	146.352565	0.004918	7.6
1042	-0.536069	146.275726	0.005813	7.0
1043	-0.704528	146.198994	0.007626	7.8
1044	-0.943763	146.122370	0.008559	7.3
1045	-0.721885	146.045853	0.007658	6.6
1046	-0.720314	145.969442	0.004997	7.1
1047	-0.931764	145.893139	0.004032	6.2
1048	-0.623050	145.816941	0.014373	11.1
1049	-0.768143	145.740849	0.009360	7.0
1050	-0.179729	145.664863	0.003281	8.7
1051	-0.610182	145.588983	0.003787	6.7
1052	-0.810109	145.513208	0.005713	8.8
1053	-0.901524	145.437538	0.007330	6.9
1054	-0.384019	145.361973	0.002314	9.1
1055	-0.171995	145.286513	0.003890	7.9
1056	-0.902801	145.211157	0.004845	8.5
1057	-0.538461	145.135905	0.005079	6.7
1058	-1.127935	145.060757	0.006985	7.2
1059	-1.005039	144.985712	0.008385	8.8
1060	-0.049565	144.910771	0.001075	7.5
1061	-0.689319	144.835934	0.003419	8.2
1062	-0.164457	144.761199	0.005958	7.4
1063	-0.957980	144.686567	0.006095	8.7
1064	-0.868578	144.612037	0.005931	7.6
1065	-0.215394	144.537610	0.002545	7.3
1066	-0.000000	144.463285	0.000000	7.8
1067	-0.956785	144.389062	0.005627	8.1
1068	-0.387031	144.314940	0.004979	7.5
1069	-0.000000	144.240920	0.000000	7.7
1070	-0.028722	144.167001	0.002301	7.0
1071	-1.022833	144.093182	0.006089	8.4
1072	-0.069356	144.019465	0.001439	6.7
1073	-0.842202	143.945848	0.005235	8.5
1074	-0.000000	143.872331	0.000000	6.7
1075	-0.570682	143.798914	0.006083	8.8
1076	-0.965544	143.725597	0.007455	6.6
1077	-0.764231	143.652380	0.004436	8.5
1078	-0.591558	143.579262	0.007113	6.7
1079	-0.849807	143.506243	0.009626	9.1
1080	-0.842804	143.433323	0.004627	6.8
1081	-1.022592	143.360502	0.015582	9.1
1082	-0.597562	143.287780	0.008551	6.7
1083	-0.873850	143.215155	0.006544	9.1
1084	-0.578401	143.142629	0.005396	7.5
1085	-1.006974	143.070201	0.005051	14.2
1086	-0.859631	142.997870	0.008331	16.7
1087	-1.046286	142.925637	0.006172	12.6
1088	-0.601413	142.853501	0.005212	8.1
1089	-0.356400	142.781462	0.004550	9.4
1090	-0.584031	142.709519	0.005087	7.0
1091	-0.916946	142.637674	0.006960	7.8
1092	-0.445106	142.565924	0.004993	7.8
1093	-1.001029	142.494271	0.009441	7.8
1094	-0.858445	142.422714	0.006365	7.6
1095	-0.891286	142.351252	0.006097	7.0
1096	-0.000000	142.279886	0.000000	8.0
1097	-0.833420	142.208616	0.004924	7.0
1098	-1.074960	142.137440	0.007782	8.6
1099	-0.415532	142.066360	0.004391	7.4
1100	-1.006047	141.995374	0.007092	7.6
1101	-0.972295	141.924483	0.006026	7.1
1102	-0.755800	141.853685	0.006021	10.2
1103	-0.867964	141.782983	0.003412	7.8
1104	-0.849684	141.712373	0.005373	7.5
1105	-0.616464	141.641858	0.013915	7.4
1106	-0.632062	141.571436	0.004255	7.4
1107	-0.006090	141.501108	0.002293	6.6
1108	-0.000000	141.430872	0.000000	7.1
1109	-0.698578	141.360730	0.005025	6.5
1110	-0.566889	141.290680	0.002842	7.8
1111	-0.872579	141.220722	0.004877	6.6
1112	-0.618972	141.150857	0.006068	8.9
1113	-0.000000	141.081084	0.000000	6.7
1114	-0.635988	141.011403	0.004673	7.7
1115	-0.515090	140.941813	0.005892	7.2
1116	-1.162233	140.872315	0.008706	7.0
1117	-0.751891	140.802909	0.007278	7.3
1118	-1.070625	140.733593	0.008920	6.5
1119	-0.000000	140.664369	0.000000	7.0
1120	-0.686583	140.595235	0.004485	7.0
1121	-0.000000	140.526192	0.000000	8.8
1122	-0.646545	140.457239	0.007606	6.6
1123	-0.417484	140.388376	0.002880	8.5
1124	-0.548766	140.319603	0.004500	6.8
1125	-0.378082	140.250920	0.002676	6.7
1126	-0.820314	140.182326	0.007242	7.7
1127	-0.965053	140.113822	0.006333	6.5
1128	-0.000197	140.045407	0.000222	6.6
1129	-0.000000	139.977081	0.000000	7.1
1130	-0.527898	139.908844	0.006175	6.6
1131	-1.016738	139.840696	0.007354	7.9
1132	-0.888236	139.772635	0.003899	6.8
1133	-0.774056	139.704664	0.007435	8.5
1134	-0.000000	139.636780	0.000000	7.0
1135	-0.629693	139.568984	0.005527	8.2
1136	-0.390702	139.501276	0.004859	6.6
1137	-0.826377	139.433655	0.005262	8.7
1138	-0.664501	139.366122	0.005812	6.8
1139	-0.979871	139.298676	0.004784	8.8
1140	-0.757499	139.231317	0.005966	6.7
1141	-0.670358	139.164045	0.005034	8.1
1142	-0.561242	139.096859	0.004523	6.7
1143	-0.853440	139.029760	0.006540	8.8
1144	-1.051819	138.962747	0.005173	6.5
1145	-0.753917	138.895820	0.006205	9.0
1146	-0.969846	138.828978	0.006039	6.2
1147	-1.189601	138.762223	0.006467	8.2
1148	-0.367681	138.695553	0.003819	6.8
1149	-0.476524	138.628969	0.003450	7.2
1150	-0.410999	138.562469	0.004126	7.4
1151	-0.000000	138.496055	0.000000	6.9
1152	-0.919271	138.429725	0.005105	7.1
1153	-0.822594	138.363481	0.008128	7.3
1154	-0.117866	138.297320	0.003197	7.8
1155	-0.795730	138.231244	0.004361	6.6
1156	-0.817861	138.165252	0.003838	8.8
1157	-0.706426	138.099344	0.008081	6.9
1158	-0.000000	138.033520	0.000000	9.0
1159	-0.720272	137.967779	0.006019	6.8
1160	-1.023312	137.902122	0.007931	6.9
1161	-0.000000	137.836548	0.000000	6.8
1162	-0.000000	137.771057	0.000000	7.4
1163	-0.828464	137.705649	0.005318	6.9
1164	-0.583603	137.640324	0.005803	7.0
1165	-0.472669	137.575081	0.004168	6.5
1166	-0.803942	137.509921	0.007116	7.9
1167	-0.258566	137.444842	0.005775	6.4
1168	-0.616807	137.379846	0.006499	7.2
1169	-0.920817	137.314932	0.007213	6.7
1170	-0.561383	137.250100	0.004919	8.4
1171	-0.000000	137.185349	0.000000	6.7
1172	-0.530993	137.120680	0.004887	8.2
1173	-0.371983	137.056092	0.004209	6.6
1174	-0.464225	136.991585	0.002776	8.4
1175	-0.366465	136.927158	0.002185	6.6
1176	-0.000000	136.862813	0.000000	8.6
1177	-0.298813	136.798548	0.004870	6.7
1178	-0.889218	136.734363	0.006061	9.1
1179	0.000000	136.670259	0.000000	6.5
1180	-0.850281	136.606235	0.007018	9.5
1181	-0.647392	136.542291	0.006506	6.8
1182	-0.705634	136.478426	0.004507	7.1
1183	-0.635196	136.414641	0.004826	7.4
1184	-0.919784	136.350936	0.005066	7.4
1185	-0.894386	136.287310	0.005159	6.5
1186	-0.620802	136.223763	0.008364	7.2
1187	-0.884124	136.160295	0.005937	6.3
1188	-0.922211	136.096905	0.006062	7.9
1189	-0.637975	136.033594	0.006563	6.7
1190	-0.694084	135.970362	0.009442	7.9
1191	-0.878569	135.907208	0.005150	6.8
1192	-0.685215	135.844133	0.004324	8.8
1193	-1.078017	135.781135	0.006973	6.7
1194	-0.264612	135.718215	0.003106	8.0
1195	-0.000000	135.655373	0.000000	6.8
1196	-0.664883	135.592608	0.005039	8.7
1197	-1.011400	135.529921	0.005343	6.7
1198	-1.013467	135.467311	0.005649	8.2
1199	-0.593055	135.404778	0.005324	6.7
1200	-0.000000	135.342322	0.000000	8.9
1201	-0.000000	135.279942	0.000000	6.6
1202	-0.207532	135.217640	0.004041	9.0
1203	-0.321878	135.155413	0.005657	6.7
1204	-0.998637	135.093263	0.005346	8.8
1205	-0.929373	135.031190	0.008240	6.7
1206	-0.000336	134.969192	0.000255	9.0
1207	-0.438742	134.907270	0.004257	6.7
1208	-0.888590	134.845424	0.004603	8.2
1209	-0.688570	134.783653	0.003787	7.0
1210	-0.306307	134.721958	0.004063	7.0
1211	-0.283204	134.660338	0.002811	7.6
1212	-0.000000	134.598793	0.000000	6.6
1213	-0.936296	134.537323	0.007101	7.1
1214	-0.807346	134.475927	0.004722	7.1
1215	-0.572419	134.414607	0.004676	8.2
1216	-0.895901	134.353361	0.006573	7.1
1217	-1.064982	134.292189	0.010281	8.7
1218	-0.970158	134.231092	0.008812	7.0
1219	-0.000000	134.170068	0.000000	8.9
1220	-0.000000	134.109119	0.000000	6.7
1221	-0.436755	134.048243	0.003194	8.7
1222	-0.137631	133.987441	0.005432	7.5
1223	-0.000000	133.926713	0.000000	7.5
1224	-0.366729	133.866057	0.003594	8.9
1225	-0.891971	133.805475	0.005248	6.9
1226	0.000000	133.744966	0.000000	8.9
1227	-0.933525	133.684530	0.004951	7.1
1228	-0.387855	133.624167	0.003877	8.4
1229	-0.932930	133.563877	0.006653	6.9
1230	-0.889505	133.503658	0.007100	8.7
1231	-0.842573	133.443513	0.008544	6.9
1232	-0.810424	133.383439	0.006053	8.8
1233	-0.367632	133.323437	0.006650	6.9
1234	-0.749677	133.263508	0.005427	8.5
1235	-0.674748	133.203650	0.003350	6.6
1236	-0.350786	133.143864	0.004182	8.4
1237	-0.492709	133.084149	0.005377	6.5
1238	-0.668829	133.024506	0.007142	9.0
1239	-0.729864	132.964934	0.005987	6.7
1240	-0.529364	132.905433	0.005344	8.5
1241	-0.539877	132.846003	0.006185	6.7
1242	-0.774496	132.786643	0.007338	9.0
1243	-1.032521	132.727355	0.006456	6.7
1244	-0.885109	132.668137	0.005849	8.9
1245	-0.925945	132.608989	0.007230	6.6
1246	-0.640976	132.549912	0.006296	8.1
1247	-0.858932	132.490904	0.005532	7.1
1248	-1.145856	132.431967	0.010079	7.2
1249	-0.762683	132.373100	0.006389	7.1
1250	-0.581124	132.314302	0.004518	6.8
1251	-0.599771	132.255574	0.006705	7.2
1252	-0.823093	132.196916	0.007562	6.6
1253	-0.000000	132.138326	0.000000	8.3
1254	-0.000000	132.079806	0.000000	6.9
1255	-0.332716	132.021355	0.003080	8.8
1256	-0.686937	131.962973	0.005945	6.6
1257	-0.997285	131.904660	0.005408	6.7
1258	-0.300374	131.846415	0.002908	8.4
1259	-0.869277	131.788239	0.005788	6.9
1260	-0.549250	131.730131	0.005648	8.8
1261	-0.731550	131.672092	0.007539	6.8
1262	-1.041990	131.614121	0.009307	8.9
1263	-0.000000	131.556217	0.000000	6.9
1264	-0.856297	131.498382	0.005191	8.5
1265	-0.814329	131.440614	0.006014	6.7
1266	-0.711216	131.382914	0.005178	9.1
1267	-0.000000	131.325282	0.000000	6.7
1268	-0.000000	131.267717	0.000000	8.6
1269	-0.865096	131.210219	0.005635	6.7
1270	-0.282177	131.152788	0.004137	8.5
1271	-0.493468	131.095424	0.002760	6.7
1272	-0.000005	131.038127	0.000008	8.3
1273	-1.043404	130.980897	0.008869	6.9
1274	-0.775792	130.923733	0.007594	9.8
1275	-0.895941	130.866636	0.006620	6.5
1276	-1.016262	130.809605	0.008055	8.9
1277	-0.284595	130.752641	0.004172	6.6
1278	-0.838574	130.695742	0.005373	9.1
1279	-0.446817	130.638910	0.004008	6.7
1280	-0.629257	130.582143	0.004510	6.9
1281	-0.400815	130.525442	0.003540	7.3
1282	-1.063778	130.468807	0.007170	7.1
1283	-0.900014	130.412237	0.008468	6.7
1284	-0.335789	130.355733	0.005191	6.7
1285	-0.933909	130.299294	0.006327	8.1
1286	-1.042891	130.242920	0.005371	6.9
1287	-0.757402	130.186611	0.003381	8.7
1288	-0.918875	130.130366	0.006233	6.8
1289	-0.333229	130.074187	0.003598	8.9
1290	-0.735899	130.018072	0.005228	7.7
1291	-0.087417	129.962022	0.002393	7.1
1292	-1.044626	129.906036	0.006505	8.9
1293	-0.000000	129.850114	0.000000	6.9
1294	-0.941038	129.794257	0.011368	8.2
1295	-0.438898	129.738463	0.008540	7.0
1296	-0.328088	129.682734	0.005222	8.8
1297	-0.544473	129.627068	0.005915	6.8
1298	-0.774864	129.571466	0.005323	7.9
1299	-0.000000	129.515927	0.000000	6.7
1300	-0.000000	129.460452	0.000000	8.8
1301	-0.794591	129.405040	0.004781	6.7
1302	-0.266207	129.349692	0.004578	9.3
1303	-0.868438	129.294406	0.004091	6.5
1304	-0.952775	129.239183	0.004770	8.2
1305	-0.000000	129.184024	0.000000	6.7
1306	-0.866696	129.128927	0.007924	8.4
1307	-0.242787	129.073892	0.005096	6.8
1308	-0.342046	129.018921	0.004184	8.9
1309	-0.106138	128.964011	0.001222	6.7
1310	-0.000000	128.909164	0.000000	9.7
1311	-0.941887	128.854379	0.008812	6.9
1312	-0.353939	128.799656	0.003440	8.3
1313	-0.667071	128.744995	0.006154	7.0
1314	-0.942832	128.690396	0.007870	10.3
1315	-0.265270	128.635858	0.004466	6.8
1316	-0.398494	128.581382	0.005143	7.0
1317	-0.592315	128.526968	0.005217	8.0
1318	-0.748619	128.472615	0.003526	6.9
1319	-0.391753	128.418323	0.004555	6.5
1320	-1.070712	128.364092	0.008187	7.2
1321	-0.134263	128.309922	0.005339	6.8
1322	-0.373642	128.255814	0.004410	8.4
1323	-0.495622	128.201766	0.004190	6.6
1324	-0.900002	128.147778	0.006196	8.6
1325	-0.949154	128.093852	0.009112	6.7
1326	-0.000000	128.039985	0.000000	8.6
1327	-0.917955	127.986180	0.004830	6.8
1328	-0.823802	127.932434	0.005180	8.7
1329	-0.919955	127.878749	0.008014	7.0
1330	-0.579408	127.825123	0.004851	8.4
1331	-0.770815	127.771558	0.004962	7.0
1332	-0.455499	127.718052	0.005822	8.2
1333	-0.946292	127.664606	0.009268	6.8
1334	-0.000000	127.611220	0.000000	8.7
1335	-0.006867	127.557893	0.000519	6.7
1336	-1.018359	127.504625	0.005403	8.6
1337	-0.000000	127.451417	0.000000	6.7
1338	-0.693795	127.398268	0.006523	8.5
1339	-0.000000	127.345178	0.000000	6.7
1340	-0.414390	127.292147	0.002165	8.4
1341	-0.975217	127.239175	0.005589	6.7
1342	-0.577510	127.186261	0.005032	9.1
1343	-1.028873	127.133407	0.005140	6.7
1344	-0.641623	127.080610	0.005774	9.3
1345	-0.835910	127.027872	0.004472	6.7
1346	-0.938823	126.975193	0.006168	9.3
1347	0.000000	126.922572	0.000000	6.5
1348	-0.440010	126.870008	0.005612	8.4
1349	-0.578526	126.817503	0.006242	7.0
1350	-0.770409	126.765056	0.004858	7.6
1351	-1.091743	126.712667	0.006387	7.7
1352	-0.034752	126.660335	0.003350	7.0
1353	-0.630751	126.608061	0.005366	7.8
1354	-0.977835	126.555844	0.004782	6.7
1355	-0.662335	126.503685	0.004470	7.3
1356	-0.615964	126.451583	0.005364	6.7
1357	-0.737858	126.399538	0.006128	6.6
1358	-0.881712	126.347550	0.006049	9.3
1359	-0.560598	126.295619	0.006088	7.2
1360	-0.738464	126.243745	0.005373	7.7
1361	-0.465019	126.191928	0.004228	7.2
1362	-0.902920	126.140168	0.007234	8.2
1363	-0.612278	126.088464	0.005788	6.9
1364	-0.660720	126.036817	0.005556	8.2
1365	-0.882034	125.985226	0.006003	6.9
1366	-0.556341	125.933691	0.005347	8.1
1367	-0.000000	125.882212	0.000000	7.0
1368	-0.587739	125.830790	0.005763	8.6
1369	-0.000000	125.779423	0.000000	7.0
1370	-0.571793	125.728113	0.006374	8.7
1371	-1.085714	125.676858	0.007163	6.8
1372	-0.964243	125.625659	0.006168	8.8
1373	-1.108863	125.574515	0.010742	6.6
1374	-0.334012	125.523427	0.003940	9.2
1375	-0.846473	125.472394	0.009859	6.9
1376	-0.025941	125.421417	0.002386	9.1
1377	-0.000000	125.370495	0.000000	7.1
1378	-0.608322	125.319628	0.002489	9.4
1379	-0.590329	125.268815	0.005592	7.4
1380	-0.535473	125.218058	0.003663	8.8
1381	-0.933835	125.167356	0.004513	7.7
1382	-0.481364	125.116708	0.005176	9.3
1383	-0.000000	125.066115	0.000000	7.0
1384	-0.000000	125.015576	0.000000	8.8
1385	-0.908596	124.965092	0.007066	7.0
1386	-0.995646	124.914662	0.004962	8.9
1387	-0.710506	124.864287	0.005615	6.9
1388	-0.590031	124.813965	0.005800	9.0
1389	-1.007259	124.763698	0.007759	7.5
1390	-0.684206	124.713485	0.004010	8.0
1391	-0.594901	124.663325	0.005120	7.6
1392	-0.445251	124.613219	0.004061	7.6
1393	-0.000000	124.563167	0.000000	8.1
1394	-0.622049	124.513168	0.004683	7.5
1395	-0.681327	124.463223	0.004262	7.7
1396	-1.063040	124.413332	0.007182	8.1
1397	-0.569211	124.363493	0.005076	8.3
1398	-0.637951	124.313708	0.002662	8.1
1399	-0.889115	124.263976	0.006317	7.9
1400	-0.932405	124.214297	0.004890	10.4
1401	-1.119521	124.164671	0.013524	7.0
1402	-0.083982	124.115097	0.005556	11.5
1403	-0.716124	124.065577	0.005820	6.6
1404	-1.136463	124.016109	0.006368	9.1
1405	-0.182434	123.966693	0.003095	6.7
1406	-0.730764	123.917330	0.004078	8.9
1407	-0.899322	123.868020	0.004226	6.6
1408	-0.000000	123.818762	0.000000	9.2
1409	-0.133809	123.769556	0.003399	6.8
1410	-0.393828	123.720402	0.002665	10.1
1411	-0.000000	123.671300	0.000000	7.3
1412	-0.969376	123.622250	0.004645	8.9
1413	-0.794494	123.573252	0.003636	7.1
1414	-0.919245	123.524305	0.005649	8.7
1415	-0.926201	123.475411	0.005110	6.9
1416	-0.794286	123.426568	0.007483	9.0
1417	-0.729274	123.377776	0.005648	7.0
1418	-0.656618	123.329036	0.006963	9.0
1419	-0.030950	123.280347	0.001006	6.6
1420	-0.000000	123.231709	0.000000	7.7
1421	-0.465105	123.183122	0.005705	7.4
1422	-0.481414	123.134587	0.006114	7.0
1423	-0.832673	123.086102	0.005241	9.9
1424	-0.912371	123.037669	0.005095	7.3
1425	-0.959427	122.989286	0.007569	7.3
1426	-0.000000	122.940954	0.000000	7.3
1427	-0.000000	122.892672	0.000000	8.1
1428	-1.060088	122.844441	0.006857	7.2
1429	-0.847663	122.796261	0.007448	9.0
1430	-0.042841	122.748130	0.003375	9.1
1431	-0.957052	122.700050	0.007048	7.3
1432	-1.083982	122.652021	0.008214	9.6
1433	-0.731159	122.604041	0.004777	7.3
1434	-0.437592	122.556111	0.004421	9.8
1435	-1.080490	122.508232	0.008808	7.1
1436	-0.000000	122.460402	0.000000	9.3
1437	-0.000000	122.412622	0.000000	7.4
1438	-0.908524	122.364891	0.005286	8.2
1439	-0.799375	122.317210	0.006188	7.9
1440	-0.568497	122.269579	0.006434	8.7
1441	-1.022965	122.221997	0.008336	6.9
1442	-0.741534	122.174465	0.004691	8.7
1443	-0.458304	122.126981	0.004159	7.0
1444	-0.597240	122.079547	0.003324	9.1
1445	-0.000000	122.032162	0.000000	7.6
1446	-0.000000	121.984826	0.000000	9.2
1447	-0.745432	121.937539	0.006312	7.6
1448	-0.814141	121.890301	0.007305	8.5
1449	-0.858625	121.843112	0.005979	6.9
1450	-0.822495	121.795971	0.005144	9.0
1451	-1.023986	121.748879	0.009140	6.9
1452	-0.000000	121.701835	0.000000	9.0
1453	-0.902006	121.654840	0.006752	7.8
1454	-0.507726	121.607893	0.005240	6.9
1455	-0.650580	121.560994	0.003186	7.8
1456	-0.996728	121.514144	0.005031	7.2
1457	-0.902307	121.467342	0.005497	7.9
1458	-0.848916	121.420588	0.007159	7.3
1459	-1.003502	121.373882	0.008796	8.4
1460	-0.672205	121.327223	0.006518	7.1
1461	-0.551056	121.280613	0.004783	8.1
1462	-0.618807	121.234050	0.005828	6.8
1463	-0.874689	121.187535	0.010170	8.7
1464	-0.462669	121.141067	0.004126	6.8
1465	-0.931197	121.094647	0.004464	8.0
1466	-0.000000	121.048274	0.000000	6.6
1467	-0.842125	121.001949	0.006265	9.1
1468	-0.494619	120.955671	0.004967	7.1
1469	-0.568795	120.909440	0.007024	8.7
1470	-0.958112	120.863256	0.004447	6.9
1471	-0.961781	120.817119	0.007029	9.0
1472	-0.649322	120.771029	0.005166	6.7
1473	-0.427813	120.724986	0.003216	9.2
1474	-0.765788	120.678990	0.003484	7.1
1475	-0.515912	120.633040	0.004230	10.8
1476	-0.064395	120.587137	0.004628	7.3
1477	-1.065609	120.541281	0.008690	8.6
1478	-0.560822	120.495471	0.004817	7.0
1479	-0.596992	120.449707	0.005866	9.3
1480	-0.863893	120.403990	0.004971	7.1
1481	-0.689540	120.358319	0.006006	9.4
1482	-0.618577	120.312694	0.005724	7.2
1483	-0.961071	120.267115	0.007312	9.0
1484	-0.740640	120.221582	0.003294	7.0
1485	-0.591957	120.176096	0.006447	7.2
1486	-0.000000	120.130655	0.000000	7.9
1487	-0.216406	120.085260	0.001815	7.3
1488	-0.000000	120.039910	0.000000	8.7
1489	-0.957947	119.994606	0.008456	7.6
1490	-0.181102	119.949348	0.002259	7.4
1491	-0.000000	119.904135	0.000000	7.6
1492	-0.922219	119.858968	0.005998	7.5
1493	-0.599392	119.813846	0.005803	7.0
1494	-0.913356	119.768769	0.006224	7.5
1495	-0.785165	119.723738	0.006866	6.5
1496	-0.382606	119.678752	0.004968	8.2
1497	-0.048455	119.633810	0.002788	6.7
1498	-0.533032	119.588914	0.003025	9.3
1499	-0.942769	119.544062	0.004689	6.6
1500	-0.960783	119.499256	0.009252	9.4
1501	-1.019084	119.454494	0.009846	6.8
1502	-0.538586	119.409777	0.005583	9.5
1503	-0.963450	119.365104	0.008799	7.7
1504	-0.000000	119.320476	0.000000	7.9
1505	-0.891311	119.275893	0.005068	6.8
1506	-0.822442	119.231353	0.006151	8.7
1507	-0.678785	119.186859	0.004680	7.1
1508	-0.988507	119.142408	0.006116	8.9
1509	-1.059641	119.098002	0.009691	6.9
1510	-0.436737	119.053639	0.004852	8.8
1511	-0.892907	119.009321	0.007075	6.8
1512	-0.866888	118.965047	0.004743	6.8
1513	-1.020129	118.920816	0.006338	9.0
1514	-0.000000	118.876630	0.000000	7.1
1515	-0.000000	118.832487	0.000000	8.5
1516	-1.029751	118.788388	0.004983	7.0
1517	-0.300861	118.744332	0.005179	8.9
1518	-0.607477	118.700320	0.005565	6.9
1519	-0.848665	118.656352	0.008189	8.9
1520	-0.885640	118.612427	0.006661	7.1
1521	-0.699468	118.568545	0.005673	7.6
1522	-0.000000	118.524706	0.000000	6.7
1523	-0.629324	118.480911	0.006100	8.6
1524	-0.000000	118.437159	0.000000	6.6
1525	-0.616838	118.393450	0.005803	9.0
1526	-0.000000	118.349784	0.000000	6.9
1527	-0.504204	118.306160	0.004493	10.5
1528	-0.761722	118.262580	0.010465	6.4
1529	-0.942402	118.219042	0.005564	8.0
1530	-0.000000	118.175548	0.000000	6.4
1531	-0.000000	118.132095	0.000000	9.1
1532	-0.656034	118.088686	0.005309	6.8
1533	-0.000000	118.045319	0.000000	9.2
1534	-0.708624	118.001994	0.004966	7.0
1535	-0.935906	117.958712	0.006440	9.4
1536	-0.581003	117.915472	0.006255	7.2
1537	-0.429568	117.872274	0.004862	9.7
1538	-0.695104	117.829118	0.003159	8.3
1539	-0.000000	117.786005	0.000000	8.4
1540	-0.881118	117.742933	0.006969	7.5
1541	-0.003917	117.699904	0.001315	8.7
1542	-0.000000	117.656916	0.000000	7.5
1543	-0.832622	117.613971	0.006421	9.2
1544	-0.034211	117.571067	0.003334	7.0
1545	-0.446824	117.528205	0.004319	7.1
1546	-0.821832	117.485384	0.005257	8.4
1547	-0.760597	117.442605	0.004788	7.9
1548	-0.557557	117.399867	0.004544	8.8
1549	-0.924241	117.357171	0.004784	6.8
1550	-0.043563	117.314517	0.002594	7.3
1551	-0.443916	117.271903	0.005047	6.5
1552	-0.000000	117.229331	0.000000	7.7
1553	-0.975457	117.186800	0.007341	6.6
1554	-0.514021	117.144311	0.004747	9.4
1555	-0.655417	117.101862	0.006895	6.6
1556	-0.783410	117.059454	0.006624	7.8
1557	-0.689835	117.017087	0.005511	6.6
1558	-0.912316	116.974762	0.006534	8.9
1559	-0.000000	116.932476	0.000000	6.8
1560	-0.000000	116.890232	0.000000	9.2
1561	-0.802805	116.848028	0.009398	6.8
1562	-0.000000	116.805865	0.000000	9.2
1563	-0.681119	116.763743	0.006088	6.9
1564	-0.912241	116.721661	0.004256	9.3
1565	-0.028362	116.679619	0.002865	7.2
1566	-0.553071	116.637618	0.003650	9.3
1567	-0.834149	116.595657	0.004715	7.0
1568	-0.679476	116.553736	0.008161	9.1
1569	-0.192110	116.511855	0.004385	7.1
1570	-0.745464	116.470015	0.006082	6.9
1571	-0.595421	116.428214	0.004375	9.2
1572	-0.554950	116.386454	0.005802	7.7
1573	-0.582037	116.344733	0.004970	7.9
1574	-0.959574	116.303052	0.005841	7.3
1575	-0.279774	116.261412	0.004624	7.6
1576	-0.566265	116.219810	0.006325	7.0
1577	-0.816901	116.178249	0.006894	8.1
1578	-0.497924	116.136727	0.004276	6.9
1579	-1.054412	116.095245	0.007558	8.2
1580	-0.370346	116.053802	0.004266	7.3
1581	-0.607317	116.012398	0.005247	7.9
1582	-0.973028	115.971034	0.007020	6.5
1583	-0.000001	115.929710	0.000002	8.0
1584	-1.058386	115.888424	0.009457	6.7
1585	-0.543658	115.847178	0.004747	9.1
1586	-0.000000	115.805970	0.000000	6.8
1587	-0.663225	115.764802	0.006281	9.0
1588	-0.615007	115.723673	0.005098	6.9
1589	-0.662408	115.682583	0.006685	9.1
1590	-0.864616	115.641532	0.004947	6.8
1591	-1.023882	115.600519	0.007592	8.0
1592	-0.000000	115.559546	0.000000	7.3
1593	-0.690057	115.518610	0.005862	8.1
1594	-0.049837	115.477714	0.003780	7.4
1595	-0.544342	115.436856	0.005877	7.1
1596	-0.959598	115.396037	0.006706	7.6
1597	-0.665158	115.355256	0.004058	6.6
1598	-0.537316	115.314514	0.004154	6.7
1599	-0.758031	115.273810	0.006323	7.9
1600	-0.041063	115.233144	0.003099	6.7
1601	-0.935288	115.192517	0.009716	7.4
1602	-0.035720	115.151927	0.003680	6.3
1603	-0.953391	115.111376	0.009944	8.3
1604	-0.942039	115.070863	0.005326	6.9
1605	-0.198800	115.030388	0.002258	8.4
1606	-1.009386	114.989951	0.005046	6.9
1607	-0.478785	114.949551	0.005227	9.1
1608	-1.112184	114.909190	0.006745	6.7
1609	-0.957807	114.868866	0.008935	8.2
1610	-0.592590	114.828580	0.003114	6.7
1611	-0.742669	114.788332	0.008982	8.3
1612	-0.689353	114.748121	0.006734	6.8
1613	-0.143876	114.707948	0.001621	8.6
1614	-0.591272	114.667812	0.004296	7.8
1615	-0.919389	114.627714	0.007224	11.6
1616	-0.000000	114.587653	0.000000	15.8
1617	-0.708807	114.547629	0.005957	13.3
1618	-0.952460	114.507643	0.007617	9.6
1619	-0.906038	114.467693	0.005236	10.3
1620	-0.697981	114.427781	0.005132	8.0
1621	-0.745802	114.387907	0.003603	9.2
1622	-0.822257	114.348069	0.005461	7.0
1623	-0.773945	114.308268	0.004517	7.8
1624	-0.903646	114.268504	0.006889	6.7
1625	-0.248106	114.228777	0.003455	7.0
1626	-0.000000	114.189086	0.000000	7.9
1627	-0.649772	114.149433	0.005105	10.1
1628	-0.786647	114.109816	0.004294	7.1
1629	-0.000000	114.070235	0.000000	8.6
1630	-0.620992	114.030692	0.005927	6.7
1631	-0.561986	113.991185	0.004956	10.4
1632	-0.866799	113.951714	0.006741	7.3
1633	-0.928269	113.912280	0.007044	7.5
1634	-0.675805	113.872882	0.005325	6.8
1635	-0.611111	113.833521	0.004469	7.8
1636	-0.911967	113.794195	0.006099	6.6
1637	-0.709453	113.754906	0.005107	8.0
1638	-0.835359	113.715653	0.006007	6.8
1639	-0.874546	113.676437	0.004679	8.4
1640	-0.270542	113.637256	0.003938	6.7
1641	-0.811944	113.598111	0.007653	7.3
1642	-0.451446	113.559002	0.003890	7.4
1643	-0.636924	113.519929	0.004804	6.6
1644	-0.000000	113.480892	0.000000	7.1
1645	-1.040283	113.441891	0.007752	6.8
1646	-0.770205	113.402925	0.005233	7.2
1647	-0.967583	113.363995	0.005261	6.7
1648	-0.642332	113.325101	0.003695	8.8
1649	-0.000000	113.286242	0.000000	6.9
1650	-1.079437	113.247419	0.005208	8.2
1651	-0.847037	113.208631	0.005184	7.9
1652	-0.064786	113.169879	0.003331	9.7
1653	-0.269187	113.131162	0.002015	6.7
1654	-0.000000	113.092480	0.000000	8.8
1655	-0.429466	113.053833	0.004422	6.7
1656	-0.618071	113.015222	0.006726	6.8
1657	-0.509197	112.976646	0.002117	7.8
1658	-0.793060	112.938105	0.005313	7.4
1659	-0.077994	112.899599	0.003487	7.1
1660	-1.048195	112.861128	0.006073	7.7
1661	-0.849820	112.822692	0.006942	7.6
1662	-0.825551	112.784291	0.005882	7.2
1663	-0.780161	112.745924	0.005070	6.7
1664	-0.828232	112.707593	0.004938	7.4
1665	-0.028696	112.669296	0.001460	6.4
1666	-0.789267	112.631034	0.007742	7.1
1667	-0.760789	112.592806	0.006204	6.4
1668	-0.000093	112.554613	0.000103	7.3
1669	-0.877389	112.516455	0.005222	6.6
1670	-0.000000	112.478331	0.000000	8.9
1671	-0.759451	112.440241	0.006452	6.6
1672	-1.033850	112.402186	0.007655	8.2
1673	-0.975910	112.364165	0.006461	6.7
1674	-0.923584	112.326179	0.004533	9.2
1675	-1.056737	112.288227	0.007859	6.0
1676	-0.596174	112.250309	0.004490	8.7
1677	-0.467712	112.212425	0.005471	6.3
1678	-1.065482	112.174575	0.009374	7.4
1679	-0.976284	112.136759	0.007623	7.4
1680	-0.817048	112.098977	0.005386	6.8
1681	-0.534102	112.061229	0.004947	7.3
1682	-1.053566	112.023515	0.005606	7.2
1683	-0.438452	111.985834	0.004905	7.7
1684	-0.865992	111.948188	0.006773	6.8
1685	-0.876727	111.910575	0.007525	8.7
1686	-0.889996	111.872996	0.007553	6.9
1687	-1.042508	111.835450	0.007560	7.0
1688	-0.941725	111.797939	0.006487	7.8
1689	-1.154425	111.760460	0.009111	7.1
1690	-0.969941	111.723015	0.004808	7.5
1691	-0.015107	111.685604	0.002431	6.8
1692	-0.773203	111.648226	0.008376	7.2
1693	-0.674519	111.610881	0.004582	8.6
1694	-0.000000	111.573570	0.000000	8.8
1695	-0.936846	111.536292	0.007964	7.0
1696	-0.553674	111.499047	0.004503	7.8
1697	-0.058048	111.461835	0.000985	7.5
1698	-0.000000	111.424656	0.000000	8.0
1699	-1.000759	111.387510	0.005566	7.6
1700	-0.531588	111.350398	0.006735	7.5
1701	-0.000000	111.313318	0.000000	8.1
1702	-0.800456	111.276271	0.003500	8.6
1703	-0.978059	111.239257	0.006513	8.0
1704	-0.927315	111.202276	0.003687	10.2
1705	-0.831312	111.165328	0.004447	7.0
1706	-0.819761	111.128412	0.003883	10.3
1707	-0.840231	111.091529	0.006114	7.1
1708	-0.000000	111.054679	0.000000	8.9
1709	-0.862229	111.017861	0.004120	6.9
1710	-1.072915	110.981076	0.005383	10.9
1711	-1.083448	110.944323	0.008967	7.7
1712	-0.939362	110.907603	0.005378	8.3
1713	-0.815082	110.870915	0.004300	7.5
1714	-1.063280	110.834259	0.009740	8.4
1715	-0.538361	110.797636	0.005965	7.1
1716	-0.503196	110.761045	0.005363	8.5
1717	-0.898006	110.724486	0.013965	6.9
1718	-0.886602	110.687959	0.004903	9.1
1719	-0.157407	110.651465	0.004896	6.8
1720	-0.078765	110.615002	0.002455	8.8
1721	-0.000000	110.578572	0.000000	7.2
1722	-0.807877	110.542173	0.005492	8.9
1723	-0.548968	110.505807	0.006280	7.0
1724	-0.955426	110.469472	0.008038	7.4
1725	-0.499050	110.433169	0.003670	7.5
1726	-0.475551	110.396898	0.003062	7.7
1727	-0.921077	110.360659	0.006695	7.4
1728	-0.998451	110.324451	0.004039	7.3
1729	-0.942177	110.288276	0.008904	7.7
1730	-0.547120	110.252131	0.005446	7.3
1731	-0.943150	110.216019	0.005582	8.0
1732	-0.536865	110.179937	0.003833	6.9
1733	-0.464663	110.143888	0.003716	8.0
1734	-0.900351	110.107869	0.005425	7.6
1735	-0.977554	110.071882	0.011020	7.4
1736	-0.726666	110.035927	0.004824	6.6
1737	-0.896553	110.000003	0.005122	7.6
1738	-0.000000	109.964110	0.000000	6.7
1739	-0.727365	109.928248	0.006080	9.0
1740	-0.528591	109.892417	0.005042	6.9
1741	-0.153386	109.856618	0.004652	9.0
1742	-0.866888	109.820850	0.007750	8.0
1743	-0.016326	109.785112	0.001468	9.3
1744	-0.860167	109.749406	0.006307	7.2
1745	-0.751438	109.713730	0.004446	8.7
1746	-0.708457	109.678086	0.008142	6.9
1747	-0.302173	109.642472	0.004487	8.5
1748	-0.000000	109.606890	0.000000	8.1
1749	-0.540198	109.571337	0.002758	8.9
1750	-0.859920	109.535816	0.008451	7.1
1751	-0.931893	109.500326	0.007209	8.7
1752	-0.000000	109.464866	0.000000	7.7
1753	-0.858613	109.429436	0.006018	9.1
1754	-0.000000	109.394038	0.000000	7.5
1755	-0.389764	109.358669	0.001954	13.6
1756	-0.998126	109.323331	0.006174	12.4
1757	-0.000000	109.288024	0.000000	12.0
1758	-0.000000	109.252747	0.000000	9.4
1759	-0.000000	109.217501	0.000000	8.6
1760	-0.000000	109.182284	0.000000	7.8
1761	-0.951799	109.147098	0.004036	7.6
1762	-1.014120	109.111942	0.009939	8.3
1763	-0.224397	109.076817	0.004006	11.7
1764	-1.066992	109.041721	0.004890	8.8
1765	-0.939385	109.006656	0.005916	11.2
1766	-0.306023	108.971620	0.002915	11.7
1767	-0.615858	108.936615	0.005002	11.0
1768	-0.623389	108.901640	0.005102	8.2
1769	-0.721862	108.866694	0.005694	9.0
1770	-0.000000	108.831779	0.000000	8.5
1771	-0.661623	108.796893	0.005217	9.4
1772	-0.657785	108.762037	0.003112	7.1
1773	-0.253942	108.727211	0.002635	9.5
1774	-0.032856	108.692415	0.002030	7.0
1775	-0.703075	108.657648	0.005818	9.9
1776	-0.608916	108.622911	0.007169	7.0
1777	-0.000000	108.588203	0.000000	8.6
1778	-0.250353	108.553525	0.005564	6.8
1779	-0.936506	108.518877	0.006336	8.9
1780	-0.908322	108.484258	0.003917	7.1
1781	-0.000000	108.449668	0.000000	6.8
1782	-0.946983	108.415108	0.007303	9.1
1783	-0.912604	108.380578	0.003879	6.8
1784	-0.049138	108.346076	0.002117	7.7
1785	-0.945685	108.311604	0.006587	6.5
1786	-0.973901	108.277161	0.005593	8.8
1787	-0.039002	108.242747	0.001690	6.6
1788	-0.526375	108.208363	0.006022	8.9
1789	-0.894105	108.174007	0.006099	6.7
1790	-0.331715	108.139681	0.003783	8.9
1791	-0.795366	108.105383	0.006856	6.8
1792	-1.017345	108.071115	0.006114	8.4
1793	-0.628970	108.036875	0.006125	6.7
1794	-0.907064	108.002665	0.007953	8.9
1795	-0.912660	107.968483	0.004065	6.8
1796	-0.567214	107.934330	0.003300	9.6
1797	-0.617576	107.900206	0.005530	6.6
1798	-0.203982	107.866111	0.002262	8.7
1799	-0.856528	107.832044	0.006017	6.8
1800	-0.726031	107.798007	0.005461	9.0
1801	-0.907627	107.763997	0.005125	6.7
1802	-0.000000	107.730017	0.000000	9.6
1803	-0.331476	107.696065	0.003334	6.7
1804	-0.858085	107.662141	0.006116	9.2
1805	-0.798449	107.628246	0.004447	6.8
1806	-0.000000	107.594379	0.000000	8.0
1807	-0.724854	107.560541	0.007792	6.9
1808	-0.914714	107.526731	0.008065	7.4
1809	-0.960275	107.492949	0.006187	7.4
1810	-1.022296	107.459196	0.009109	6.8
1811	-0.990703	107.425471	0.008682	7.3
1812	-0.844319	107.391774	0.007461	6.5
1813	-0.000000	107.358106	0.000000	8.1
1814	-0.579414	107.324465	0.005297	7.9
1815	-0.847239	107.290853	0.006134	6.5
1816	-0.063779	107.257268	0.002037	9.0
1817	-0.963234	107.223712	0.003931	6.8
1818	-0.619515	107.190184	0.005318	9.0
1819	-0.755309	107.156683	0.004021	7.2
1820	-0.870347	107.123211	0.003211	7.3
1821	-0.602397	107.089766	0.003866	6.9
1822	-0.855111	107.056349	0.006258	8.6
1823	0.000000	107.022960	0.000000	6.7
1824	-1.061403	106.989599	0.006508	8.3
1825	-1.003773	106.956265	0.007644	6.7
1826	-0.656934	106.922960	0.006398	8.4
1827	-0.546850	106.889681	0.005649	6.5
1828	-0.831981	106.856431	0.006084	8.8
1829	-0.000000	106.823208	0.000000	6.7
1830	-0.942664	106.790012	0.005670	8.8
1831	-0.613077	106.756844	0.005078	6.7
1832	-0.770629	106.723703	0.007113	9.0
1833	-0.884427	106.690590	0.007481	6.7
1834	-1.047790	106.657505	0.009344	9.0
1835	-0.869687	106.624446	0.005790	6.7
1836	-0.815218	106.591415	0.007800	8.2
1837	-0.777846	106.558411	0.006243	7.0
1838	-0.198598	106.525435	0.005194	7.0
1839	-0.912109	106.492485	0.008869	7.4
1840	-0.624497	106.459563	0.005055	7.0
1841	-0.343407	106.426668	0.004403	7.1
1842	-0.839967	106.393800	0.005710	7.0
1843	-0.579338	106.360959	0.006741	7.8
1844	-0.608577	106.328145	0.004778	7.1
1845	-0.785558	106.295358	0.005826	8.8
1846	-0.770278	106.262598	0.006001	7.0
1847	-0.796893	106.229865	0.005480	9.0
1848	-0.000000	106.197158	0.000000	7.0
1849	-0.868757	106.164479	0.006488	9.0
1850	-0.000000	106.131826	0.000000	6.7
1851	-0.742362	106.099201	0.005842	6.6
1852	-0.271914	106.066602	0.003305	7.0
1853	-0.850681	106.034029	0.007649	7.3
1854	-1.070197	106.001483	0.006158	6.8
1855	-0.000000	105.968964	0.000000	7.3
1856	-0.766061	105.936472	0.005927	6.5
1857	-0.092130	105.904006	0.001257	6.8
1858	-0.921608	105.871566	0.006306	6.7
1859	-0.368294	105.839153	0.005536	7.2
1860	-0.000000	105.806767	0.000000	6.4
1861	-0.678856	105.774407	0.005916	8.4
1862	-0.390900	105.742073	0.004006	6.5
1863	-0.906445	105.709766	0.005369	8.6
1864	-0.694603	105.677485	0.006087	6.6
1865	-0.344403	105.645230	0.004444	8.5
1866	-0.991322	105.613001	0.007280	6.7
1867	-0.808707	105.580799	0.007042	8.7
1868	0.000000	105.548623	0.000000	6.7
1869	-0.688353	105.516473	0.003969	9.1
1870	-0.646601	105.484349	0.005320	6.6
1871	-0.740768	105.452251	0.004273	7.7
1872	-1.111615	105.420179	0.007724	7.2
1873	-0.949063	105.388133	0.007199	6.9
1874	-0.585806	105.356113	0.009669	7.2
1875	-0.144573	105.324119	0.003337	7.1
1876	-0.930582	105.292151	0.006383	18.7
1877	-0.837246	105.260209	0.006499	7.8
1878	-1.071974	105.228293	0.006934	7.0
1879	-0.347214	105.196402	0.005693	8.3
1880	-0.854465	105.164537	0.006767	13.9
1881	-0.959547	105.132698	0.005592	8.8
1882	-0.283967	105.100885	0.005366	6.9
1883	-0.889497	105.069097	0.005123	7.6
1884	-0.769656	105.037335	0.004812	6.8
1885	-0.000000	105.005598	0.000000	8.9
1886	-0.891695	104.973887	0.004791	7.5
1887	-0.516579	104.942202	0.005186	8.3
1888	-0.254597	104.910542	0.002499	6.8
1889	-0.816482	104.878907	0.005804	7.4
1890	-0.666912	104.847298	0.004320	6.9
1891	-0.833528	104.815715	0.007132	7.9
1892	-0.406312	104.784156	0.004746	6.3
1893	-0.000000	104.752623	0.000000	8.8
1894	-0.678608	104.721116	0.006319	7.1
1895	-0.515926	104.689633	0.003339	8.5
1896	-0.800810	104.658176	0.007760	6.7
1897	-0.886701	104.626744	0.006093	8.7
1898	-0.000000	104.595337	0.000000	6.7
1899	-0.000000	104.563955	0.000000	9.9
1900	-1.137377	104.532599	0.009105	6.8
1901	-0.868142	104.501267	0.007089	9.1
1902	-0.728862	104.469960	0.006553	7.4
1903	-0.995232	104.438679	0.005125	8.7
1904	-0.000000	104.407422	0.000000	6.4
1905	-0.031969	104.376191	0.002844	6.8
1906	-0.785961	104.344984	0.004741	7.5
1907	-1.020076	104.313802	0.006075	6.6
1908	-0.918059	104.282645	0.004276	6.3
1909	-0.439472	104.251513	0.003671	7.2
1910	-0.000000	104.220405	0.000000	6.5
1911	-0.864510	104.189323	0.007240	8.1
1912	-0.000000	104.158265	0.000000	6.4
1913	-0.861043	104.127231	0.006043	8.5
1914	-0.177797	104.096222	0.007134	6.7
1915	-0.660855	104.065238	0.005885	8.6
1916	-1.004836	104.034279	0.006500	6.7
1917	-0.000000	104.003344	0.000000	8.9
1918	-0.000000	103.972433	0.000000	6.8
1919	-0.507065	103.941547	0.005570	8.7
1920	-0.771657	103.910686	0.004417	6.7
1921	-0.000000	103.879849	0.000000	9.1
1922	-0.000000	103.849036	0.000000	6.9
1923	-1.013641	103.818248	0.009838	8.2
1924	-0.908807	103.787484	0.007235	6.8
1925	-0.569774	103.756744	0.004197	8.8
1926	-0.795915	103.726029	0.006064	6.7
1927	-0.562731	103.695338	0.004724	8.4
1928	-0.199918	103.664671	0.003264	6.7
1929	-0.000000	103.634028	0.000000	9.2
1930	-0.355673	103.603409	0.004777	6.7
1931	-0.864960	103.572814	0.004832	9.7
1932	-1.076623	103.542244	0.007857	6.8
1933	-0.896157	103.511698	0.005993	9.3
1934	-0.863626	103.481175	0.007086	7.2
1935	-0.795593	103.450677	0.006173	9.1
1936	-0.028157	103.420202	0.001252	7.1
1937	-0.758585	103.389752	0.005389	9.0
1938	-0.046463	103.359325	0.002191	7.1
1939	-0.806044	103.328922	0.005684	9.0
1940	0.000000	103.298543	0.000000	6.9
1941	-0.000000	103.268188	0.000000	6.9
1942	-0.801994	103.237857	0.006732	8.3
1943	-0.000000	103.207549	0.000000	7.3
1944	-0.000000	103.177265	0.000000	8.9
1945	-0.981439	103.147005	0.007517	6.8
1946	-1.075748	103.116768	0.006615	9.0
1947	-0.000000	103.086556	0.000000	7.0
1948	-0.831147	103.056366	0.006716	8.7
1949	-0.769506	103.026200	0.006353	6.9
1950	-0.782777	102.996058	0.006962	9.2
1951	-0.767951	102.965939	0.007025	6.9
1952	-0.516065	102.935844	0.003776	8.8
1953	-0.670466	102.905772	0.006225	7.2
1954	-0.157589	102.875724	0.003062	7.8
1955	-0.904975	102.845699	0.006491	6.6
1956	-0.951935	102.815697	0.009522	8.3
1957	-0.449180	102.785719	0.003253	6.6
1958	-0.837338	102.755764	0.005335	9.0
1959	-0.561578	102.725832	0.003827	6.7
1960	-0.631308	102.695924	0.004111	8.7
1961	-1.027430	102.666038	0.004772	6.7
1962	-0.743314	102.636176	0.004668	9.2
1963	-0.671604	102.606337	0.005591	6.7
1964	-0.621276	102.576521	0.005713	7.6
1965	-0.164629	102.546728	0.004168	7.4
1966	-0.513680	102.516959	0.005371	8.4
1967	-0.000000	102.487212	0.000000	7.3
1968	-0.989270	102.457488	0.006419	7.1
1969	-0.661971	102.427788	0.004508	7.5
1970	-0.645094	102.398110	0.005294	7.2
1971	-0.837058	102.368455	0.008532	7.8
1972	-0.841162	102.338823	0.006009	6.8
1973	-0.868841	102.309214	0.004949	7.3
1974	-0.000000	102.279628	0.000000	6.8
1975	-0.895845	102.250064	0.004008	8.8
1976	-0.726233	102.220524	0.005586	6.7
1977	-0.798303	102.191006	0.003477	8.4
1978	-0.881061	102.161511	0.004358	7.5
1979	-0.363139	102.132038	0.005458	7.1
1980	-0.938568	102.102588	0.006757	6.9
1981	-0.000000	102.073161	0.000000	7.8
1982	-0.812706	102.043757	0.005097	6.9
1983	-0.945150	102.014375	0.005413	7.3
1984	-0.362778	101.985015	0.007035	6.7
1985	0.000000	101.955678	0.000000	7.1
1986	-0.970266	101.926364	0.006229	6.5
1987	-0.496170	101.897072	0.003807	7.4
1988	-0.916624	101.867802	0.004835	6.6
1989	-0.182547	101.838555	0.006250	7.5
1990	-0.720202	101.809330	0.007215	6.6
1991	-0.374937	101.780128	0.003687	8.9
1992	-1.110418	101.750948	0.007127	6.7
1993	-1.059501	101.721790	0.006374	8.9
1994	-0.451521	101.692654	0.004862	7.4
1995	-0.999250	101.663541	0.006811	9.0
1996	-0.000000	101.634450	0.000000	7.1
1997	-0.855207	101.605381	0.003806	9.1
1998	-0.804629	101.576335	0.005826	7.0
1999	-0.000000	101.547310	0.000000	8.9
